BEST PERMUTATIONS FOUND SO FAR
-----------
Permutation = [0, 1, 2, 3, 4, 5, 6, 7, 8, 9, 10, 11, 12, 13, 14, 15, 16, 17, 18, 19, 20, 21, 22, 23, 24, 25, 26, 27, 28]
Cost = 25815
Time Elapsed (seconds) = 0.0380001068115
-----------
Permutation = [0, 1, 2, 3, 4, 5, 6, 7, 8, 9, 10, 11, 12, 13, 14, 15, 16, 17, 18, 19, 20, 21, 22, 23, 24, 25, 27, 28, 26]
Cost = 25759
Time Elapsed (seconds) = 0.25200009346
-----------
Permutation = [0, 1, 2, 3, 4, 5, 6, 7, 8, 9, 10, 11, 12, 13, 14, 15, 16, 17, 18, 19, 20, 21, 22, 23, 24, 25, 27, 26, 28]
Cost = 25745
Time Elapsed (seconds) = 0.434000015259
-----------
Permutation = [0, 1, 2, 3, 4, 5, 6, 7, 8, 9, 10, 11, 12, 13, 14, 15, 16, 17, 18, 19, 20, 21, 22, 23, 24, 25, 28, 26, 27]
Cost = 24508
Time Elapsed (seconds) = 0.616000175476
-----------
Permutation = [0, 1, 2, 3, 4, 5, 6, 7, 8, 9, 10, 11, 12, 13, 14, 15, 16, 17, 18, 19, 20, 21, 22, 23, 24, 25, 28, 27, 26]
Cost = 24451
Time Elapsed (seconds) = 0.809000015259
-----------
Permutation = [0, 1, 2, 3, 4, 5, 6, 7, 8, 9, 10, 11, 12, 13, 14, 15, 16, 17, 18, 19, 20, 21, 22, 23, 24, 26, 27, 28, 25]
Cost = 23847
Time Elapsed (seconds) = 0.968000173569
-----------
Permutation = [0, 1, 2, 3, 4, 5, 6, 7, 8, 9, 10, 11, 12, 13, 14, 15, 16, 17, 18, 19, 20, 21, 22, 23, 24, 26, 27, 25, 28]
Cost = 23808
Time Elapsed (seconds) = 1.14200019836
-----------
Permutation = [0, 1, 2, 3, 4, 5, 6, 7, 8, 9, 10, 11, 12, 13, 14, 15, 16, 17, 18, 19, 20, 21, 22, 23, 26, 24, 28, 25, 27]
Cost = 23654
Time Elapsed (seconds) = 1.32100009918
-----------
Permutation = [0, 1, 2, 3, 4, 5, 6, 7, 8, 9, 10, 11, 12, 13, 14, 15, 16, 17, 18, 19, 20, 21, 22, 24, 26, 23, 25, 28, 27]
Cost = 23329
Time Elapsed (seconds) = 1.49500012398
-----------
Permutation = [0, 1, 2, 3, 4, 5, 6, 7, 8, 9, 10, 11, 12, 13, 14, 15, 16, 17, 18, 19, 20, 21, 22, 24, 26, 23, 27, 28, 25]
Cost = 23315
Time Elapsed (seconds) = 1.65200018883
-----------
Permutation = [0, 1, 2, 3, 4, 5, 6, 7, 8, 9, 10, 11, 12, 13, 14, 15, 16, 17, 18, 19, 20, 21, 22, 24, 26, 23, 27, 25, 28]
Cost = 23276
Time Elapsed (seconds) = 1.81600022316
-----------
Permutation = [0, 1, 2, 3, 4, 5, 6, 7, 8, 9, 10, 11, 12, 13, 14, 15, 16, 17, 18, 19, 20, 21, 22, 24, 26, 23, 28, 25, 27]
Cost = 23252
Time Elapsed (seconds) = 1.97400021553
-----------
Permutation = [0, 1, 2, 3, 4, 5, 6, 7, 8, 9, 10, 11, 12, 13, 14, 15, 16, 17, 18, 19, 20, 21, 23, 26, 22, 24, 28, 25, 27]
Cost = 23223
Time Elapsed (seconds) = 2.15200018883
-----------
Permutation = [0, 1, 2, 3, 4, 5, 6, 7, 8, 9, 10, 11, 12, 13, 14, 15, 16, 17, 18, 19, 20, 21, 24, 25, 28, 27, 22, 26, 23]
Cost = 23221
Time Elapsed (seconds) = 2.32700014114
-----------
Permutation = [0, 1, 2, 3, 4, 5, 6, 7, 8, 9, 10, 11, 12, 13, 14, 15, 16, 17, 18, 19, 20, 21, 24, 26, 22, 23, 25, 28, 27]
Cost = 22754
Time Elapsed (seconds) = 2.4960000515
-----------
Permutation = [0, 1, 2, 3, 4, 5, 6, 7, 8, 9, 10, 11, 12, 13, 14, 15, 16, 17, 18, 19, 20, 21, 24, 26, 22, 23, 27, 28, 25]
Cost = 22740
Time Elapsed (seconds) = 2.65500020981
-----------
Permutation = [0, 1, 2, 3, 4, 5, 6, 7, 8, 9, 10, 11, 12, 13, 14, 15, 16, 17, 18, 19, 20, 21, 24, 26, 22, 23, 27, 25, 28]
Cost = 22701
Time Elapsed (seconds) = 2.86200022697
-----------
Permutation = [0, 1, 2, 3, 4, 5, 6, 7, 8, 9, 10, 11, 12, 13, 14, 15, 16, 17, 18, 19, 20, 21, 24, 26, 22, 23, 28, 25, 27]
Cost = 22677
Time Elapsed (seconds) = 3.03200006485
-----------
Permutation = [0, 1, 2, 3, 4, 5, 6, 7, 8, 9, 10, 11, 12, 13, 14, 15, 16, 17, 18, 19, 20, 21, 24, 22, 26, 23, 25, 28, 27]
Cost = 22396
Time Elapsed (seconds) = 3.20600008965
-----------
Permutation = [0, 1, 2, 3, 4, 5, 6, 7, 8, 9, 10, 11, 12, 13, 14, 15, 16, 17, 18, 19, 20, 21, 24, 22, 26, 23, 27, 28, 25]
Cost = 22382
Time Elapsed (seconds) = 3.375
-----------
Permutation = [0, 1, 2, 3, 4, 5, 6, 7, 8, 9, 10, 11, 12, 13, 14, 15, 16, 17, 18, 19, 20, 21, 24, 22, 26, 23, 27, 25, 28]
Cost = 22343
Time Elapsed (seconds) = 3.56700015068
-----------
Permutation = [0, 1, 2, 3, 4, 5, 6, 7, 8, 9, 10, 11, 12, 13, 14, 15, 16, 17, 18, 19, 20, 21, 24, 22, 26, 23, 28, 25, 27]
Cost = 22319
Time Elapsed (seconds) = 3.75200009346
-----------
Permutation = [0, 1, 2, 3, 4, 5, 6, 7, 8, 9, 10, 11, 12, 13, 14, 15, 16, 17, 18, 19, 20, 23, 26, 22, 24, 21, 25, 28, 27]
Cost = 22224
Time Elapsed (seconds) = 4.14100003242
-----------
Permutation = [0, 1, 2, 3, 4, 5, 6, 7, 8, 9, 10, 11, 12, 13, 14, 15, 16, 17, 18, 19, 20, 23, 26, 22, 24, 21, 28, 25, 27]
Cost = 21978
Time Elapsed (seconds) = 4.31100010872
-----------
Permutation = [0, 1, 2, 3, 4, 5, 6, 7, 8, 9, 10, 11, 12, 13, 14, 15, 16, 17, 18, 19, 20, 25, 28, 21, 24, 26, 22, 23, 27]
Cost = 21932
Time Elapsed (seconds) = 4.66400003433
-----------
Permutation = [0, 1, 2, 3, 4, 5, 6, 7, 8, 9, 10, 11, 12, 13, 14, 15, 16, 17, 18, 19, 20, 25, 28, 21, 24, 22, 23, 26, 27]
Cost = 21909
Time Elapsed (seconds) = 4.84600019455
-----------
Permutation = [0, 1, 2, 3, 4, 5, 6, 7, 8, 9, 10, 11, 12, 13, 14, 15, 16, 17, 18, 19, 20, 25, 28, 21, 24, 22, 26, 23, 27]
Cost = 21574
Time Elapsed (seconds) = 5.02400016785
-----------
Permutation = [0, 1, 2, 3, 4, 5, 6, 7, 8, 9, 10, 11, 12, 13, 14, 15, 16, 17, 18, 19, 21, 24, 22, 26, 23, 27, 28, 25, 20]
Cost = 21572
Time Elapsed (seconds) = 5.71000003815
-----------
Permutation = [0, 1, 2, 3, 4, 5, 6, 7, 8, 9, 10, 11, 12, 13, 14, 15, 16, 17, 18, 19, 21, 24, 22, 26, 23, 27, 25, 28, 20]
Cost = 21490
Time Elapsed (seconds) = 5.87400007248
-----------
Permutation = [0, 1, 2, 3, 4, 5, 6, 7, 8, 9, 10, 11, 12, 13, 14, 15, 16, 17, 18, 19, 21, 24, 22, 26, 23, 20, 28, 25, 27]
Cost = 21454
Time Elapsed (seconds) = 6.03900003433
-----------
Permutation = [0, 1, 2, 3, 4, 5, 6, 7, 8, 9, 10, 11, 12, 13, 14, 15, 16, 17, 18, 20, 25, 28, 19, 21, 24, 22, 26, 23, 27]
Cost = 21385
Time Elapsed (seconds) = 13.5700001717
-----------
Permutation = [0, 1, 2, 3, 4, 5, 6, 7, 8, 9, 10, 11, 12, 13, 14, 15, 16, 17, 18, 21, 24, 22, 26, 23, 25, 28, 19, 20, 27]
Cost = 21345
Time Elapsed (seconds) = 18.4850001335
-----------
Permutation = [0, 1, 2, 3, 4, 5, 6, 7, 8, 9, 10, 11, 12, 13, 14, 15, 16, 17, 18, 21, 24, 22, 26, 23, 27, 19, 28, 25, 20]
Cost = 21336
Time Elapsed (seconds) = 18.6760001183
-----------
Permutation = [0, 1, 2, 3, 4, 5, 6, 7, 8, 9, 10, 11, 12, 13, 14, 15, 16, 17, 18, 21, 24, 22, 26, 23, 27, 20, 25, 28, 19]
Cost = 21291
Time Elapsed (seconds) = 18.8570001125
-----------
Permutation = [0, 1, 2, 3, 4, 5, 6, 7, 8, 9, 10, 11, 12, 13, 14, 15, 16, 17, 18, 21, 24, 22, 26, 23, 27, 25, 28, 19, 20]
Cost = 21243
Time Elapsed (seconds) = 19.0270001888
-----------
Permutation = [0, 1, 2, 3, 4, 5, 6, 7, 8, 9, 10, 11, 12, 13, 14, 15, 16, 17, 18, 21, 24, 22, 26, 23, 19, 25, 28, 20, 27]
Cost = 21209
Time Elapsed (seconds) = 19.2120001316
-----------
Permutation = [0, 1, 2, 3, 4, 5, 6, 7, 8, 9, 10, 11, 12, 13, 14, 15, 16, 17, 18, 21, 24, 22, 26, 23, 19, 28, 25, 20, 27]
Cost = 21075
Time Elapsed (seconds) = 19.3760001659
-----------
Permutation = [0, 1, 2, 3, 4, 5, 6, 7, 8, 9, 10, 11, 12, 13, 14, 15, 16, 17, 19, 20, 25, 28, 21, 18, 24, 22, 26, 23, 27]
Cost = 21061
Time Elapsed (seconds) = 71.0970001221
-----------
Permutation = [0, 1, 2, 3, 4, 5, 6, 7, 8, 9, 10, 11, 12, 13, 14, 15, 16, 17, 19, 21, 18, 24, 22, 26, 23, 27, 28, 25, 20]
Cost = 21059
Time Elapsed (seconds) = 79.623000145
-----------
Permutation = [0, 1, 2, 3, 4, 5, 6, 7, 8, 9, 10, 11, 12, 13, 14, 15, 16, 17, 19, 21, 18, 24, 22, 26, 23, 27, 25, 28, 20]
Cost = 20977
Time Elapsed (seconds) = 79.8220000267
-----------
Permutation = [0, 1, 2, 3, 4, 5, 6, 7, 8, 9, 10, 11, 12, 13, 14, 15, 16, 17, 19, 21, 18, 24, 22, 26, 23, 20, 28, 25, 27]
Cost = 20941
Time Elapsed (seconds) = 80.0290000439
-----------
Permutation = [0, 1, 2, 3, 4, 5, 6, 7, 8, 9, 10, 11, 12, 13, 14, 15, 16, 17, 21, 23, 26, 22, 24, 18, 19, 25, 28, 20, 27]
Cost = 20930
Time Elapsed (seconds) = 202.637000084
-----------
Permutation = [0, 1, 2, 3, 4, 5, 6, 7, 8, 9, 10, 11, 12, 13, 14, 15, 16, 17, 21, 23, 26, 22, 24, 18, 19, 28, 25, 20, 27]
Cost = 20796
Time Elapsed (seconds) = 202.837000132
-----------
Permutation = [0, 1, 2, 3, 4, 5, 6, 7, 8, 9, 10, 11, 12, 13, 14, 15, 16, 17, 21, 24, 18, 19, 25, 28, 20, 23, 26, 22, 27]
Cost = 20734
Time Elapsed (seconds) = 210.799000025
-----------
Permutation = [0, 1, 2, 3, 4, 5, 6, 7, 8, 9, 10, 11, 12, 13, 14, 15, 16, 17, 21, 24, 18, 19, 28, 25, 20, 23, 26, 22, 27]
Cost = 20600
Time Elapsed (seconds) = 211.019000053
-----------
Permutation = [0, 1, 2, 3, 4, 5, 6, 7, 8, 9, 10, 11, 12, 13, 14, 15, 16, 17, 21, 24, 18, 22, 26, 23, 19, 28, 25, 20, 27]
Cost = 20559
Time Elapsed (seconds) = 211.321000099
-----------
Permutation = [0, 1, 2, 3, 4, 5, 6, 7, 8, 9, 10, 11, 12, 13, 14, 15, 16, 17, 21, 18, 24, 22, 26, 23, 27, 19, 28, 25, 20]
Cost = 20556
Time Elapsed (seconds) = 243.410000086
-----------
Permutation = [0, 1, 2, 3, 4, 5, 6, 7, 8, 9, 10, 11, 12, 13, 14, 15, 16, 17, 21, 18, 24, 22, 26, 23, 27, 20, 25, 28, 19]
Cost = 20511
Time Elapsed (seconds) = 243.628000021
-----------
Permutation = [0, 1, 2, 3, 4, 5, 6, 7, 8, 9, 10, 11, 12, 13, 14, 15, 16, 17, 21, 18, 24, 22, 26, 23, 27, 25, 28, 19, 20]
Cost = 20463
Time Elapsed (seconds) = 243.832000017
-----------
Permutation = [0, 1, 2, 3, 4, 5, 6, 7, 8, 9, 10, 11, 12, 13, 14, 15, 16, 17, 21, 18, 24, 22, 26, 23, 19, 25, 28, 20, 27]
Cost = 20429
Time Elapsed (seconds) = 244.041000128
-----------
Permutation = [0, 1, 2, 3, 4, 5, 6, 7, 8, 9, 10, 11, 12, 13, 14, 15, 16, 17, 21, 18, 24, 22, 26, 23, 19, 28, 25, 20, 27]
Cost = 20295
Time Elapsed (seconds) = 244.244000196
-----------
Permutation = [0, 1, 2, 3, 4, 5, 6, 7, 8, 9, 10, 11, 12, 13, 14, 15, 16, 21, 17, 18, 24, 22, 26, 23, 27, 25, 28, 19, 20]
Cost = 20259
Time Elapsed (seconds) = 3193.10500002
-----------
Permutation = [0, 1, 2, 3, 4, 5, 6, 7, 8, 9, 10, 11, 12, 13, 14, 15, 16, 21, 17, 18, 24, 22, 26, 23, 19, 25, 28, 20, 27]
Cost = 20225
Time Elapsed (seconds) = 3193.29500008
-----------
Permutation = [0, 1, 2, 3, 4, 5, 6, 7, 8, 9, 10, 11, 12, 13, 14, 15, 16, 21, 17, 18, 24, 22, 26, 23, 19, 28, 25, 20, 27]
Cost = 20091
Time Elapsed (seconds) = 3193.44100022
Timeout: 1 hour executing
