BEST PERMUTATIONS FOUND SO FAR
-----------
Permutation = [0, 1, 2, 3, 4, 5, 6, 7, 8, 9, 10, 11, 12, 13, 14, 15, 16, 17, 18, 19, 20, 21]
Cost = 131
Time Elapsed (seconds) = 0.000999927520752
-----------
Permutation = [0, 1, 2, 3, 4, 5, 6, 7, 8, 9, 10, 11, 12, 13, 14, 15, 16, 17, 21, 18, 19, 20]
Cost = 128
Time Elapsed (seconds) = 0.159999847412
-----------
Permutation = [0, 1, 2, 3, 4, 5, 6, 7, 8, 9, 10, 11, 12, 13, 14, 15, 18, 19, 20, 21, 16, 17]
Cost = 125
Time Elapsed (seconds) = 0.296999931335
-----------
Permutation = [0, 1, 2, 3, 4, 5, 6, 7, 8, 9, 10, 11, 12, 13, 14, 15, 19, 20, 18, 21, 16, 17]
Cost = 124
Time Elapsed (seconds) = 0.463999986649
-----------
Permutation = [0, 1, 2, 3, 4, 5, 6, 7, 8, 9, 10, 11, 12, 13, 14, 18, 19, 20, 21, 15, 16, 17]
Cost = 123
Time Elapsed (seconds) = 0.602999925613
-----------
Permutation = [0, 1, 2, 3, 4, 5, 6, 7, 8, 9, 10, 11, 12, 13, 14, 18, 19, 20, 21, 16, 17, 15]
Cost = 120
Time Elapsed (seconds) = 0.723999977112
-----------
Permutation = [0, 1, 2, 3, 4, 5, 6, 7, 8, 9, 10, 11, 12, 13, 14, 18, 19, 20, 15, 16, 17, 21]
Cost = 117
Time Elapsed (seconds) = 0.851999998093
-----------
Permutation = [0, 1, 2, 3, 4, 5, 6, 7, 8, 9, 10, 11, 12, 13, 14, 18, 19, 20, 15, 21, 16, 17]
Cost = 116
Time Elapsed (seconds) = 1.0039999485
-----------
Permutation = [0, 1, 2, 3, 4, 5, 6, 7, 8, 9, 10, 14, 11, 12, 13, 18, 19, 20, 15, 21, 16, 17]
Cost = 115
Time Elapsed (seconds) = 181.645999908
-----------
Permutation = [0, 1, 2, 3, 4, 5, 6, 7, 8, 9, 10, 14, 13, 18, 19, 20, 11, 12, 15, 21, 16, 17]
Cost = 114
Time Elapsed (seconds) = 194.947999954
Timeout: 1 hour executing
