BEST PERMUTATIONS FOUND SO FAR
-----------
Permutation = [0, 7, 8, 37, 30, 43, 17, 6, 27, 29, 42, 26, 18, 36, 16, 5, 35, 45, 32, 19, 46, 20, 12, 24, 13, 22, 10, 11, 14, 39, 2, 21, 15, 40, 28, 4, 47, 41, 1, 3, 25, 34, 44, 9, 23, 31, 38, 33]
Cost = 37094
Time Elapsed (seconds) = 0.358000040054
-----------
Permutation = [0, 7, 8, 37, 30, 43, 17, 6, 27, 29, 42, 26, 18, 36, 16, 5, 35, 45, 32, 19, 46, 20, 12, 24, 13, 22, 10, 11, 14, 39, 2, 21, 15, 40, 28, 4, 47, 41, 1, 25, 3, 34, 44, 9, 23, 31, 38, 33]
Cost = 36983
Time Elapsed (seconds) = 0.583999872208
-----------
Permutation = [0, 7, 8, 37, 30, 43, 17, 6, 27, 29, 42, 26, 18, 36, 16, 5, 35, 45, 32, 19, 46, 20, 12, 24, 13, 22, 10, 11, 14, 39, 2, 21, 15, 40, 28, 1, 3, 25, 34, 44, 9, 23, 41, 4, 47, 31, 38, 33]
Cost = 36779
Time Elapsed (seconds) = 0.783999919891
-----------
Permutation = [0, 7, 8, 37, 30, 43, 17, 6, 27, 29, 42, 26, 18, 36, 16, 5, 35, 45, 32, 19, 46, 20, 12, 24, 13, 22, 10, 11, 14, 39, 2, 21, 15, 40, 28, 1, 3, 25, 34, 44, 9, 41, 23, 31, 38, 47, 4, 33]
Cost = 36541
Time Elapsed (seconds) = 0.953999996185
-----------
Permutation = [0, 7, 8, 37, 30, 43, 17, 6, 27, 29, 42, 26, 18, 36, 16, 5, 35, 45, 32, 19, 46, 20, 12, 24, 13, 22, 10, 11, 14, 39, 2, 21, 15, 40, 28, 1, 41, 25, 3, 34, 44, 9, 23, 31, 38, 47, 4, 33]
Cost = 36248
Time Elapsed (seconds) = 1.20299983025
-----------
Permutation = [0, 7, 8, 37, 30, 43, 17, 6, 27, 29, 42, 26, 18, 36, 16, 5, 35, 45, 32, 19, 46, 20, 12, 24, 13, 22, 10, 11, 14, 39, 2, 21, 33, 4, 47, 38, 31, 23, 9, 44, 34, 3, 25, 41, 1, 28, 40, 15]
Cost = 36166
Time Elapsed (seconds) = 1.63899993896
-----------
Permutation = [0, 7, 8, 37, 30, 43, 17, 6, 27, 29, 42, 26, 18, 36, 16, 5, 35, 45, 32, 19, 46, 20, 12, 24, 13, 22, 10, 11, 14, 39, 2, 33, 4, 47, 38, 31, 23, 9, 44, 34, 3, 25, 41, 1, 28, 40, 15, 21]
Cost = 35124
Time Elapsed (seconds) = 2.23199987411
-----------
Permutation = [0, 7, 8, 37, 30, 43, 17, 6, 27, 29, 42, 26, 18, 36, 16, 5, 35, 45, 32, 19, 46, 20, 12, 24, 13, 33, 4, 47, 38, 31, 23, 9, 44, 34, 3, 25, 41, 1, 28, 40, 15, 21, 2, 22, 10, 11, 14, 39]
Cost = 34963
Time Elapsed (seconds) = 24.1349999905
-----------
Permutation = [0, 7, 8, 37, 30, 43, 17, 6, 27, 29, 42, 26, 18, 36, 16, 5, 35, 45, 32, 19, 46, 20, 12, 24, 13, 38, 31, 47, 4, 41, 23, 9, 44, 34, 3, 25, 1, 28, 33, 40, 15, 21, 2, 22, 10, 11, 14, 39]
Cost = 34655
Time Elapsed (seconds) = 35.7049999237
-----------
Permutation = [0, 7, 8, 37, 30, 43, 17, 6, 27, 29, 42, 26, 18, 36, 16, 5, 35, 45, 32, 19, 46, 20, 12, 24, 38, 31, 23, 9, 44, 34, 3, 25, 41, 1, 28, 4, 47, 13, 33, 40, 15, 21, 2, 22, 10, 11, 14, 39]
Cost = 34619
Time Elapsed (seconds) = 56.7359998226
-----------
Permutation = [0, 7, 8, 37, 30, 43, 17, 6, 27, 29, 42, 26, 18, 36, 16, 5, 35, 45, 32, 19, 46, 20, 12, 13, 24, 38, 31, 47, 4, 41, 23, 9, 44, 34, 3, 25, 1, 28, 33, 40, 15, 21, 2, 22, 10, 11, 14, 39]
Cost = 34357
Time Elapsed (seconds) = 73.9199998379
-----------
Permutation = [0, 7, 8, 37, 30, 43, 17, 6, 27, 29, 42, 26, 18, 36, 16, 5, 35, 45, 32, 19, 46, 20, 31, 38, 47, 4, 41, 23, 9, 44, 34, 3, 25, 1, 28, 33, 40, 15, 21, 2, 22, 13, 24, 12, 10, 11, 14, 39]
Cost = 34273
Time Elapsed (seconds) = 169.865999937
Timeout: 1 hour executing
