BEST PERMUTATIONS FOUND SO FAR
-----------
Permutation = [0, 27, 7, 23, 12, 9, 19, 1, 20, 4, 8, 11, 5, 25, 2, 28, 3, 14, 17, 13, 16, 21, 10, 18, 24, 6, 22, 26, 15]
Cost = 10123
Time Elapsed (seconds) = 0.0360000133514
-----------
Permutation = [0, 27, 7, 23, 12, 9, 19, 1, 20, 4, 25, 2, 28, 8, 11, 5, 26, 22, 6, 24, 10, 21, 16, 13, 17, 14, 3, 18, 15]
Cost = 10110
Time Elapsed (seconds) = 1.27700018883
-----------
Permutation = [0, 27, 7, 23, 12, 9, 19, 1, 20, 4, 11, 5, 8, 25, 2, 28, 3, 14, 17, 13, 16, 21, 10, 18, 24, 6, 22, 26, 15]
Cost = 10097
Time Elapsed (seconds) = 1.95700001717
-----------
Permutation = [0, 27, 7, 23, 12, 9, 19, 1, 20, 4, 28, 2, 25, 8, 11, 5, 26, 22, 6, 24, 10, 21, 16, 13, 17, 14, 3, 18, 15]
Cost = 10038
Time Elapsed (seconds) = 2.49900007248
-----------
Permutation = [0, 27, 7, 23, 12, 9, 19, 1, 20, 4, 5, 11, 8, 25, 2, 28, 3, 14, 17, 13, 16, 21, 10, 18, 24, 6, 22, 26, 15]
Cost = 9957
Time Elapsed (seconds) = 2.84100008011
-----------
Permutation = [0, 27, 7, 23, 12, 9, 19, 1, 20, 5, 11, 8, 4, 25, 2, 28, 3, 14, 17, 13, 16, 21, 10, 18, 24, 6, 22, 26, 15]
Cost = 9948
Time Elapsed (seconds) = 6.76900005341
-----------
Permutation = [0, 27, 7, 23, 12, 9, 19, 1, 28, 2, 25, 8, 11, 5, 4, 20, 3, 14, 17, 13, 16, 21, 10, 18, 24, 6, 22, 26, 15]
Cost = 9860
Time Elapsed (seconds) = 10.0050001144
-----------
Permutation = [0, 27, 7, 23, 12, 9, 19, 1, 28, 2, 25, 4, 8, 11, 5, 20, 3, 14, 17, 13, 16, 21, 10, 18, 24, 6, 22, 26, 15]
Cost = 9851
Time Elapsed (seconds) = 10.2950000763
-----------
Permutation = [0, 27, 7, 23, 12, 9, 19, 3, 14, 17, 13, 16, 21, 10, 18, 24, 6, 22, 26, 15, 1, 20, 4, 25, 2, 28, 8, 11, 5]
Cost = 9787
Time Elapsed (seconds) = 23.7910001278
-----------
Permutation = [0, 27, 7, 23, 12, 9, 19, 3, 14, 17, 13, 16, 21, 10, 18, 24, 6, 22, 26, 15, 1, 20, 4, 28, 2, 25, 8, 11, 5]
Cost = 9715
Time Elapsed (seconds) = 23.9639999866
-----------
Permutation = [0, 27, 7, 23, 12, 9, 19, 3, 14, 17, 13, 16, 21, 10, 18, 24, 6, 22, 26, 15, 20, 1, 28, 2, 25, 4, 8, 11, 5]
Cost = 9584
Time Elapsed (seconds) = 24.1600000858
-----------
Permutation = [0, 27, 7, 23, 12, 3, 14, 17, 13, 16, 21, 10, 18, 24, 6, 22, 26, 15, 9, 19, 1, 20, 4, 25, 2, 28, 8, 11, 5]
Cost = 9578
Time Elapsed (seconds) = 131.055000067
-----------
Permutation = [0, 27, 7, 23, 12, 3, 14, 17, 13, 16, 21, 10, 18, 24, 6, 22, 26, 15, 9, 19, 1, 20, 4, 28, 2, 25, 8, 11, 5]
Cost = 9506
Time Elapsed (seconds) = 131.220000029
-----------
Permutation = [0, 27, 7, 23, 12, 15, 26, 22, 6, 24, 18, 14, 10, 21, 13, 16, 17, 3, 9, 19, 1, 20, 4, 25, 2, 28, 8, 11, 5]
Cost = 9429
Time Elapsed (seconds) = 186.028000116
-----------
Permutation = [0, 27, 7, 23, 12, 15, 26, 22, 6, 24, 18, 14, 10, 21, 13, 16, 17, 3, 9, 19, 1, 20, 4, 28, 2, 25, 8, 11, 5]
Cost = 9357
Time Elapsed (seconds) = 186.225000143
-----------
Permutation = [0, 27, 7, 23, 12, 15, 26, 22, 6, 24, 18, 14, 10, 21, 16, 13, 17, 3, 9, 19, 1, 20, 4, 25, 2, 28, 8, 11, 5]
Cost = 9316
Time Elapsed (seconds) = 186.48300004
-----------
Permutation = [0, 27, 7, 23, 12, 15, 26, 22, 6, 24, 18, 14, 10, 21, 16, 13, 17, 3, 9, 19, 1, 20, 4, 28, 2, 25, 8, 11, 5]
Cost = 9244
Time Elapsed (seconds) = 186.663000107
-----------
Permutation = [0, 27, 7, 23, 12, 15, 26, 22, 6, 24, 18, 10, 21, 16, 13, 17, 14, 3, 9, 19, 1, 20, 4, 25, 2, 28, 8, 11, 5]
Cost = 9225
Time Elapsed (seconds) = 187.506000042
-----------
Permutation = [0, 27, 7, 23, 12, 15, 26, 22, 6, 24, 18, 10, 21, 16, 13, 17, 14, 3, 9, 19, 1, 20, 4, 28, 2, 25, 8, 11, 5]
Cost = 9153
Time Elapsed (seconds) = 187.686000109
-----------
Permutation = [0, 27, 5, 11, 8, 4, 25, 2, 28, 20, 1, 19, 9, 3, 14, 17, 13, 16, 21, 10, 18, 24, 6, 22, 26, 7, 23, 15, 12]
Cost = 9129
Time Elapsed (seconds) = 777.927000046
-----------
Permutation = [0, 27, 5, 11, 8, 4, 25, 2, 28, 20, 1, 19, 9, 3, 14, 17, 13, 16, 21, 10, 18, 24, 6, 22, 7, 26, 15, 12, 23]
Cost = 9108
Time Elapsed (seconds) = 778.124000072
-----------
Permutation = [0, 27, 5, 11, 8, 25, 2, 28, 4, 20, 1, 19, 9, 3, 14, 17, 13, 16, 21, 10, 18, 24, 6, 22, 26, 7, 23, 15, 12]
Cost = 9094
Time Elapsed (seconds) = 818.773000002
-----------
Permutation = [0, 27, 5, 11, 8, 25, 2, 28, 4, 20, 1, 19, 9, 3, 14, 17, 13, 16, 21, 10, 18, 24, 6, 22, 7, 26, 15, 12, 23]
Cost = 9073
Time Elapsed (seconds) = 818.967000008
Timeout: 1 hour executing
