BEST PERMUTATIONS FOUND SO FAR
-----------
Permutation = [0, 48, 34, 33, 36, 47, 23, 4, 14, 37, 39, 38, 35, 43, 49, 19, 22, 29, 28, 15, 45, 5, 24, 3, 42, 9, 8, 7, 40, 18, 44, 31, 17, 2, 16, 30, 20, 41, 1, 6, 46, 25, 26, 27, 11, 50, 12, 13, 51, 10, 32, 21]
Cost = 9805
Time Elapsed (seconds) = 0.921999931335
-----------
Permutation = [0, 48, 34, 33, 36, 47, 23, 4, 14, 37, 39, 38, 35, 43, 49, 19, 22, 29, 28, 15, 45, 5, 24, 3, 42, 9, 8, 7, 40, 18, 44, 31, 17, 2, 16, 30, 20, 41, 1, 6, 46, 25, 26, 27, 11, 12, 13, 51, 10, 50, 32, 21]
Cost = 9583
Time Elapsed (seconds) = 1.45599985123
-----------
Permutation = [0, 48, 34, 33, 36, 47, 23, 4, 14, 37, 39, 38, 35, 43, 49, 19, 22, 29, 28, 15, 45, 5, 24, 3, 42, 9, 8, 7, 40, 18, 44, 31, 17, 2, 16, 30, 20, 41, 1, 6, 46, 25, 26, 27, 12, 13, 51, 10, 50, 11, 32, 21]
Cost = 9540
Time Elapsed (seconds) = 1.88599991798
-----------
Permutation = [0, 48, 34, 33, 36, 47, 23, 4, 14, 37, 39, 38, 35, 43, 49, 19, 22, 29, 28, 15, 45, 5, 24, 3, 42, 9, 8, 7, 40, 18, 44, 31, 17, 2, 16, 30, 20, 41, 1, 6, 46, 25, 26, 27, 12, 13, 51, 10, 11, 50, 32, 21]
Cost = 9533
Time Elapsed (seconds) = 2.25699996948
-----------
Permutation = [0, 48, 34, 33, 36, 47, 23, 4, 14, 37, 39, 38, 35, 43, 49, 19, 22, 29, 28, 15, 45, 5, 24, 3, 42, 9, 8, 7, 40, 18, 44, 31, 17, 2, 16, 30, 20, 41, 1, 6, 46, 25, 26, 12, 13, 51, 10, 27, 11, 50, 32, 21]
Cost = 9527
Time Elapsed (seconds) = 2.56900000572
-----------
Permutation = [0, 48, 34, 33, 36, 47, 23, 4, 14, 37, 39, 38, 35, 43, 49, 19, 22, 29, 28, 15, 45, 5, 24, 3, 42, 9, 8, 7, 40, 18, 44, 31, 17, 2, 16, 30, 20, 41, 1, 6, 46, 25, 27, 26, 12, 13, 51, 10, 50, 11, 32, 21]
Cost = 9464
Time Elapsed (seconds) = 2.94099998474
-----------
Permutation = [0, 48, 34, 33, 36, 47, 23, 4, 14, 37, 39, 38, 35, 43, 49, 19, 22, 29, 28, 15, 45, 5, 24, 3, 42, 9, 8, 7, 40, 18, 44, 31, 17, 2, 16, 30, 20, 41, 1, 6, 46, 25, 27, 26, 12, 13, 51, 10, 11, 50, 32, 21]
Cost = 9457
Time Elapsed (seconds) = 3.29999995232
-----------
Permutation = [0, 48, 34, 33, 36, 47, 23, 4, 14, 37, 39, 38, 35, 43, 49, 19, 22, 29, 28, 15, 45, 5, 24, 3, 42, 9, 8, 7, 40, 18, 44, 31, 17, 2, 16, 30, 20, 41, 6, 1, 46, 25, 27, 26, 12, 13, 51, 10, 50, 11, 32, 21]
Cost = 9431
Time Elapsed (seconds) = 3.96399998665
-----------
Permutation = [0, 48, 34, 33, 36, 47, 23, 4, 14, 37, 39, 38, 35, 43, 49, 19, 22, 29, 28, 15, 45, 5, 24, 3, 42, 9, 8, 7, 40, 18, 44, 31, 17, 2, 16, 30, 20, 41, 6, 1, 46, 25, 27, 26, 12, 13, 51, 10, 11, 50, 32, 21]
Cost = 9424
Time Elapsed (seconds) = 4.32499980927
-----------
Permutation = [0, 48, 34, 33, 36, 47, 23, 4, 14, 37, 39, 38, 35, 43, 49, 19, 22, 29, 28, 15, 45, 5, 24, 3, 42, 9, 8, 7, 40, 18, 44, 31, 17, 2, 16, 20, 41, 1, 6, 30, 21, 32, 50, 10, 51, 13, 12, 26, 46, 25, 27, 11]
Cost = 9406
Time Elapsed (seconds) = 12.2049999237
-----------
Permutation = [0, 48, 34, 33, 36, 47, 23, 4, 14, 37, 39, 38, 35, 43, 49, 19, 22, 29, 28, 15, 45, 5, 24, 3, 42, 9, 8, 7, 40, 18, 44, 31, 17, 2, 16, 20, 41, 1, 6, 30, 21, 32, 50, 10, 51, 13, 12, 46, 25, 26, 27, 11]
Cost = 9330
Time Elapsed (seconds) = 12.503000021
-----------
Permutation = [0, 48, 34, 33, 36, 47, 23, 4, 14, 37, 39, 38, 35, 43, 49, 19, 22, 29, 28, 15, 45, 5, 24, 3, 42, 9, 8, 7, 40, 18, 44, 31, 17, 2, 16, 20, 6, 1, 41, 30, 21, 32, 50, 10, 51, 13, 12, 46, 25, 26, 27, 11]
Cost = 9329
Time Elapsed (seconds) = 13.8039999008
-----------
Permutation = [0, 48, 34, 33, 36, 47, 23, 4, 14, 37, 39, 38, 35, 43, 49, 19, 22, 29, 28, 15, 45, 5, 24, 3, 42, 9, 8, 7, 40, 18, 44, 31, 17, 2, 16, 6, 1, 41, 20, 30, 21, 46, 25, 27, 26, 12, 13, 51, 10, 50, 11, 32]
Cost = 9326
Time Elapsed (seconds) = 16.3489999771
-----------
Permutation = [0, 48, 34, 33, 36, 47, 23, 4, 14, 37, 39, 38, 35, 43, 49, 19, 22, 29, 28, 15, 45, 5, 24, 3, 42, 9, 8, 7, 40, 18, 44, 31, 17, 2, 16, 6, 1, 41, 20, 30, 21, 46, 25, 27, 26, 12, 13, 51, 10, 11, 50, 32]
Cost = 9319
Time Elapsed (seconds) = 16.643999815
-----------
Permutation = [0, 48, 34, 33, 36, 47, 23, 4, 14, 37, 39, 38, 35, 43, 49, 19, 22, 29, 28, 15, 45, 5, 24, 3, 42, 9, 8, 7, 40, 18, 44, 31, 17, 2, 16, 6, 1, 41, 20, 30, 21, 32, 50, 11, 10, 51, 13, 12, 26, 27, 25, 46]
Cost = 9304
Time Elapsed (seconds) = 17.0850000381
-----------
Permutation = [0, 48, 34, 33, 36, 47, 23, 4, 14, 37, 39, 38, 35, 43, 49, 19, 22, 29, 28, 15, 45, 5, 24, 3, 42, 9, 8, 7, 40, 18, 44, 31, 17, 2, 16, 6, 1, 41, 20, 30, 21, 32, 50, 10, 51, 13, 12, 26, 25, 46, 27, 11]
Cost = 9261
Time Elapsed (seconds) = 17.4989998341
-----------
Permutation = [0, 48, 34, 33, 36, 47, 23, 4, 14, 37, 39, 38, 35, 43, 49, 19, 22, 29, 28, 15, 45, 5, 24, 3, 42, 9, 8, 7, 40, 18, 44, 31, 17, 2, 16, 6, 1, 41, 20, 30, 21, 32, 50, 10, 51, 13, 12, 26, 46, 25, 27, 11]
Cost = 9242
Time Elapsed (seconds) = 17.8910000324
-----------
Permutation = [0, 48, 34, 33, 36, 47, 23, 4, 14, 37, 39, 38, 35, 43, 49, 19, 22, 29, 28, 15, 45, 5, 24, 3, 42, 9, 8, 7, 40, 18, 44, 31, 17, 2, 16, 6, 1, 41, 20, 30, 21, 32, 50, 10, 51, 13, 12, 46, 25, 26, 27, 11]
Cost = 9166
Time Elapsed (seconds) = 18.2799999714
-----------
Permutation = [0, 48, 34, 33, 36, 47, 23, 4, 14, 37, 39, 38, 35, 43, 49, 19, 22, 29, 28, 15, 45, 5, 24, 3, 42, 9, 8, 7, 40, 18, 44, 31, 17, 30, 20, 41, 1, 6, 16, 2, 32, 50, 10, 51, 13, 12, 46, 25, 26, 27, 11, 21]
Cost = 9148
Time Elapsed (seconds) = 32.7919998169
-----------
Permutation = [0, 48, 34, 33, 36, 47, 23, 4, 14, 37, 39, 38, 35, 43, 49, 19, 22, 29, 28, 15, 45, 5, 24, 3, 42, 9, 8, 7, 40, 18, 44, 31, 21, 17, 30, 20, 41, 1, 6, 16, 2, 32, 50, 10, 51, 13, 12, 46, 25, 26, 27, 11]
Cost = 9107
Time Elapsed (seconds) = 159.602999926
-----------
Permutation = [0, 48, 34, 33, 36, 47, 23, 4, 14, 37, 39, 38, 35, 43, 49, 19, 22, 29, 28, 15, 45, 5, 24, 3, 42, 9, 8, 7, 40, 18, 44, 31, 11, 27, 26, 25, 46, 12, 13, 51, 10, 50, 32, 2, 16, 6, 1, 41, 20, 30, 17, 21]
Cost = 9052
Time Elapsed (seconds) = 255.212999821
-----------
Permutation = [0, 48, 34, 33, 36, 47, 23, 4, 14, 37, 39, 38, 35, 43, 49, 19, 22, 29, 28, 15, 45, 5, 24, 3, 42, 9, 8, 7, 40, 18, 44, 2, 16, 6, 1, 41, 20, 30, 17, 21, 31, 32, 50, 10, 51, 13, 12, 46, 25, 26, 27, 11]
Cost = 9032
Time Elapsed (seconds) = 328.059000015
-----------
Permutation = [0, 48, 34, 33, 36, 47, 23, 4, 14, 37, 39, 38, 35, 43, 49, 19, 22, 29, 28, 15, 45, 5, 24, 3, 42, 9, 8, 7, 40, 18, 44, 32, 50, 10, 51, 13, 12, 26, 25, 46, 27, 11, 31, 17, 2, 16, 6, 1, 41, 20, 30, 21]
Cost = 8987
Time Elapsed (seconds) = 839.45299983
-----------
Permutation = [0, 48, 34, 33, 36, 47, 23, 4, 14, 37, 39, 38, 35, 43, 49, 19, 22, 29, 28, 15, 45, 5, 24, 3, 42, 9, 8, 7, 40, 18, 44, 32, 50, 10, 51, 13, 12, 26, 46, 25, 27, 11, 31, 17, 2, 16, 6, 1, 41, 20, 30, 21]
Cost = 8968
Time Elapsed (seconds) = 839.853999853
-----------
Permutation = [0, 48, 34, 33, 36, 47, 23, 4, 14, 37, 39, 38, 35, 43, 49, 19, 22, 29, 28, 15, 45, 5, 24, 3, 42, 9, 8, 7, 40, 18, 44, 32, 50, 10, 51, 13, 12, 46, 25, 26, 27, 11, 31, 21, 30, 20, 41, 1, 6, 16, 2, 17]
Cost = 8942
Time Elapsed (seconds) = 840.30099988
-----------
Permutation = [0, 48, 34, 33, 36, 47, 23, 4, 14, 37, 39, 38, 35, 43, 49, 19, 22, 29, 28, 15, 45, 5, 24, 3, 42, 9, 8, 7, 40, 18, 44, 32, 50, 10, 51, 13, 12, 46, 25, 26, 27, 11, 31, 21, 17, 2, 16, 6, 1, 41, 20, 30]
Cost = 8938
Time Elapsed (seconds) = 840.697999954
-----------
Permutation = [0, 48, 34, 33, 36, 47, 23, 4, 14, 37, 39, 38, 35, 43, 49, 19, 22, 29, 28, 15, 45, 5, 24, 3, 42, 9, 8, 7, 40, 18, 44, 32, 50, 10, 51, 13, 12, 46, 25, 26, 27, 11, 31, 17, 2, 16, 6, 1, 41, 20, 30, 21]
Cost = 8892
Time Elapsed (seconds) = 841.164999962
Timeout: 1 hour executing
