BEST PERMUTATIONS FOUND SO FAR
-----------
Permutation = [0, 6, 104, 113, 5, 105, 14, 107, 19, 16, 20, 21, 3, 23, 22, 18, 71, 7, 8, 10, 2, 89, 115, 59, 61, 60, 58, 90, 57, 63, 99, 9, 119, 12, 114, 49, 4, 51, 123, 55, 120, 56, 50, 1, 36, 35, 34, 40, 29, 42, 33, 38, 41, 37, 25, 26, 30, 11, 13, 39, 43, 102, 44, 53, 52, 47, 117, 48, 46, 45, 111, 110, 93, 54, 65, 112, 64, 88, 98, 91, 124, 103, 109, 84, 85, 86, 87, 108, 95, 68, 69, 70, 67, 72, 66, 73, 17, 76, 78, 79, 77, 75, 74, 83, 80, 116, 125, 81, 31, 28, 32, 121, 27, 24, 122, 94, 92, 106, 126, 96, 97, 100, 101, 82, 62, 118, 15]
Cost = 142607
Time Elapsed (seconds) = 31.9830000401
-----------
Permutation = [0, 6, 104, 113, 5, 105, 14, 107, 19, 16, 20, 21, 3, 23, 22, 18, 71, 7, 8, 10, 2, 89, 115, 59, 61, 60, 58, 90, 57, 63, 99, 9, 119, 12, 114, 49, 4, 51, 123, 55, 120, 56, 50, 1, 36, 35, 34, 40, 29, 42, 33, 38, 41, 37, 25, 26, 30, 11, 13, 39, 43, 102, 44, 53, 52, 47, 117, 48, 46, 45, 111, 110, 93, 54, 65, 112, 64, 88, 98, 91, 124, 103, 109, 84, 85, 86, 87, 108, 95, 68, 69, 70, 67, 72, 66, 73, 17, 76, 78, 79, 77, 75, 74, 83, 80, 116, 125, 81, 31, 28, 32, 121, 27, 24, 96, 122, 94, 92, 106, 126, 97, 100, 101, 82, 62, 118, 15]
Cost = 142421
Time Elapsed (seconds) = 32.7510001659
-----------
Permutation = [0, 6, 104, 113, 5, 105, 14, 107, 19, 16, 20, 21, 3, 23, 22, 18, 71, 7, 8, 10, 2, 89, 115, 59, 61, 60, 58, 90, 57, 63, 99, 9, 119, 12, 114, 49, 4, 51, 123, 55, 120, 56, 50, 1, 36, 35, 34, 40, 29, 42, 33, 38, 41, 37, 25, 26, 30, 11, 13, 39, 43, 102, 44, 53, 52, 47, 117, 48, 46, 45, 111, 110, 93, 54, 65, 112, 64, 88, 98, 91, 124, 103, 109, 84, 85, 86, 87, 108, 95, 68, 69, 70, 67, 72, 66, 73, 17, 76, 78, 79, 77, 75, 74, 83, 80, 116, 125, 81, 31, 28, 32, 121, 27, 24, 82, 118, 62, 101, 100, 97, 96, 122, 94, 126, 106, 92, 15]
Cost = 140849
Time Elapsed (seconds) = 34.3990001678
-----------
Permutation = [0, 6, 104, 113, 5, 105, 14, 107, 19, 16, 20, 21, 3, 23, 22, 18, 71, 7, 8, 10, 2, 89, 115, 59, 61, 60, 58, 90, 57, 63, 99, 9, 119, 12, 114, 49, 4, 51, 123, 55, 120, 56, 50, 1, 36, 35, 34, 40, 29, 42, 33, 38, 41, 37, 25, 26, 30, 11, 13, 39, 43, 102, 44, 53, 52, 47, 117, 48, 46, 45, 111, 110, 93, 54, 65, 112, 64, 88, 98, 91, 124, 103, 109, 84, 85, 86, 87, 108, 95, 68, 69, 70, 67, 72, 66, 73, 17, 76, 78, 79, 77, 75, 74, 83, 80, 116, 125, 81, 31, 28, 121, 27, 32, 24, 82, 118, 62, 101, 100, 97, 96, 122, 94, 126, 106, 92, 15]
Cost = 140759
Time Elapsed (seconds) = 183.64199996
-----------
Permutation = [0, 6, 104, 113, 5, 105, 14, 107, 19, 16, 20, 21, 3, 23, 22, 18, 71, 7, 8, 10, 2, 89, 115, 59, 61, 60, 58, 90, 57, 63, 99, 9, 119, 12, 114, 49, 4, 51, 123, 55, 120, 56, 50, 1, 36, 35, 34, 40, 29, 42, 33, 38, 41, 37, 25, 26, 30, 11, 13, 39, 43, 102, 44, 53, 52, 47, 117, 48, 46, 45, 111, 110, 93, 54, 65, 112, 64, 88, 98, 91, 124, 103, 109, 84, 85, 86, 87, 108, 95, 68, 69, 70, 67, 72, 66, 73, 17, 76, 78, 79, 77, 75, 74, 83, 80, 116, 125, 81, 31, 28, 27, 121, 32, 24, 82, 118, 62, 101, 100, 97, 96, 122, 94, 126, 106, 92, 15]
Cost = 140711
Time Elapsed (seconds) = 235.259000063
-----------
Permutation = [0, 6, 104, 113, 5, 105, 14, 107, 19, 16, 20, 21, 3, 23, 22, 18, 71, 7, 8, 10, 2, 89, 115, 59, 61, 60, 58, 90, 57, 63, 99, 9, 119, 12, 114, 49, 4, 51, 123, 55, 120, 56, 50, 1, 36, 35, 34, 40, 29, 42, 33, 38, 41, 37, 25, 26, 30, 11, 13, 39, 43, 102, 44, 53, 52, 47, 117, 48, 46, 45, 111, 110, 93, 54, 65, 112, 64, 88, 98, 91, 124, 103, 109, 84, 85, 86, 87, 108, 95, 68, 69, 70, 67, 72, 66, 73, 17, 76, 78, 79, 77, 75, 74, 83, 80, 116, 125, 81, 101, 100, 62, 118, 82, 31, 28, 32, 121, 27, 24, 122, 96, 97, 126, 106, 92, 94, 15]
Cost = 140137
Time Elapsed (seconds) = 1691.72399998
-----------
Permutation = [0, 6, 104, 113, 5, 105, 14, 107, 19, 16, 20, 21, 3, 23, 22, 18, 71, 7, 8, 10, 2, 89, 115, 59, 61, 60, 58, 90, 57, 63, 99, 9, 119, 12, 114, 49, 4, 51, 123, 55, 120, 56, 50, 1, 36, 35, 34, 40, 29, 42, 33, 38, 41, 37, 25, 26, 30, 11, 13, 39, 43, 102, 44, 53, 52, 47, 117, 48, 46, 45, 111, 110, 93, 54, 65, 112, 64, 88, 98, 91, 124, 103, 109, 84, 85, 86, 87, 108, 95, 68, 69, 70, 67, 72, 66, 73, 17, 76, 78, 79, 77, 75, 74, 83, 80, 116, 125, 81, 101, 100, 62, 118, 82, 31, 28, 32, 121, 24, 27, 122, 96, 97, 126, 106, 92, 94, 15]
Cost = 139768
Time Elapsed (seconds) = 1692.14499998
-----------
Permutation = [0, 6, 104, 113, 5, 105, 14, 107, 19, 16, 20, 21, 3, 23, 22, 18, 71, 7, 8, 10, 2, 89, 115, 59, 61, 60, 58, 90, 57, 63, 99, 9, 119, 12, 114, 49, 4, 51, 123, 55, 120, 56, 50, 1, 36, 35, 34, 40, 29, 42, 33, 38, 41, 37, 25, 26, 30, 11, 13, 39, 43, 102, 44, 53, 52, 47, 117, 48, 46, 45, 111, 110, 93, 54, 65, 112, 64, 88, 98, 91, 124, 103, 109, 84, 85, 86, 87, 108, 95, 68, 69, 70, 67, 72, 66, 73, 17, 76, 78, 79, 77, 75, 74, 83, 80, 116, 125, 81, 101, 100, 62, 118, 82, 31, 28, 32, 24, 121, 27, 122, 96, 97, 126, 106, 92, 94, 15]
Cost = 139321
Time Elapsed (seconds) = 1692.66200018
-----------
Permutation = [0, 6, 104, 113, 5, 105, 14, 107, 19, 16, 20, 21, 3, 23, 22, 18, 71, 7, 8, 10, 2, 89, 115, 59, 61, 60, 58, 90, 57, 63, 99, 9, 119, 12, 114, 49, 4, 51, 123, 55, 120, 56, 50, 1, 36, 35, 34, 40, 29, 42, 33, 38, 41, 37, 25, 26, 30, 11, 13, 39, 43, 102, 44, 53, 52, 47, 117, 48, 46, 45, 111, 110, 93, 54, 65, 112, 64, 88, 98, 91, 124, 103, 109, 84, 85, 86, 87, 108, 95, 68, 69, 70, 67, 72, 66, 73, 17, 76, 78, 79, 77, 75, 74, 83, 80, 116, 125, 81, 101, 100, 62, 118, 82, 31, 28, 24, 32, 121, 27, 122, 96, 97, 126, 106, 92, 94, 15]
Cost = 139186
Time Elapsed (seconds) = 1694.28400016
-----------
Permutation = [0, 6, 104, 113, 5, 105, 14, 107, 19, 16, 20, 21, 3, 23, 22, 18, 71, 7, 8, 10, 2, 89, 115, 59, 61, 60, 58, 90, 57, 63, 99, 9, 119, 12, 114, 49, 4, 51, 123, 55, 120, 56, 50, 1, 36, 35, 34, 40, 29, 42, 33, 38, 41, 37, 25, 26, 30, 11, 13, 39, 43, 102, 44, 53, 52, 47, 117, 48, 46, 45, 111, 110, 93, 54, 65, 112, 64, 88, 98, 91, 124, 103, 109, 84, 85, 86, 87, 108, 95, 68, 69, 70, 67, 72, 66, 73, 17, 76, 78, 79, 77, 75, 74, 83, 80, 116, 125, 81, 100, 101, 62, 118, 82, 31, 28, 32, 24, 121, 27, 122, 96, 97, 126, 106, 92, 94, 15]
Cost = 138800
Time Elapsed (seconds) = 2854.09200001
-----------
Permutation = [0, 6, 104, 113, 5, 105, 14, 107, 19, 16, 20, 21, 3, 23, 22, 18, 71, 7, 8, 10, 2, 89, 115, 59, 61, 60, 58, 90, 57, 63, 99, 9, 119, 12, 114, 49, 4, 51, 123, 55, 120, 56, 50, 1, 36, 35, 34, 40, 29, 42, 33, 38, 41, 37, 25, 26, 30, 11, 13, 39, 43, 102, 44, 53, 52, 47, 117, 48, 46, 45, 111, 110, 93, 54, 65, 112, 64, 88, 98, 91, 124, 103, 109, 84, 85, 86, 87, 108, 95, 68, 69, 70, 67, 72, 66, 73, 17, 76, 78, 79, 77, 75, 74, 83, 80, 116, 125, 81, 100, 101, 62, 118, 82, 31, 28, 24, 32, 121, 27, 122, 96, 97, 126, 106, 92, 94, 15]
Cost = 138665
Time Elapsed (seconds) = 2855.05599999
Timeout: 1 hour executing
