BEST PERMUTATIONS FOUND SO FAR
-----------
Permutation = [0, 41, 1, 40, 39, 38, 37, 36, 35, 34, 33, 30, 29, 31, 32, 28, 27, 26, 25, 23, 24, 8, 7, 6, 5, 4, 3, 2, 9, 11, 10, 22, 21, 16, 12, 15, 13, 14, 17, 18, 19, 20]
Cost = 781
Time Elapsed (seconds) = 0.234000205994
-----------
Permutation = [0, 41, 1, 40, 39, 38, 37, 36, 35, 34, 33, 30, 29, 31, 32, 28, 27, 26, 25, 23, 24, 8, 7, 6, 5, 4, 3, 2, 9, 11, 10, 22, 21, 16, 15, 12, 13, 14, 17, 18, 19, 20]
Cost = 778
Time Elapsed (seconds) = 0.554000139236
-----------
Permutation = [0, 41, 1, 40, 39, 38, 37, 36, 35, 34, 33, 30, 29, 31, 32, 28, 27, 26, 25, 23, 24, 8, 7, 6, 5, 4, 3, 2, 9, 11, 12, 16, 15, 13, 14, 17, 18, 19, 20, 21, 22, 10]
Cost = 768
Time Elapsed (seconds) = 0.736000061035
-----------
Permutation = [0, 41, 1, 40, 39, 38, 37, 36, 35, 34, 33, 30, 29, 31, 32, 28, 27, 26, 25, 23, 24, 8, 7, 6, 5, 4, 3, 2, 9, 11, 12, 13, 14, 15, 16, 17, 18, 19, 20, 21, 22, 10]
Cost = 767
Time Elapsed (seconds) = 0.887000083923
-----------
Permutation = [0, 41, 1, 40, 39, 38, 37, 36, 35, 34, 33, 30, 29, 31, 32, 28, 27, 26, 25, 23, 24, 8, 7, 6, 5, 4, 3, 2, 9, 10, 22, 21, 20, 19, 18, 17, 16, 15, 14, 13, 12, 11]
Cost = 766
Time Elapsed (seconds) = 1.02600002289
-----------
Permutation = [0, 41, 1, 40, 39, 38, 37, 36, 35, 34, 33, 30, 29, 31, 32, 28, 27, 26, 25, 23, 24, 8, 7, 6, 5, 4, 9, 11, 12, 13, 14, 15, 16, 17, 18, 19, 20, 21, 22, 10, 2, 3]
Cost = 765
Time Elapsed (seconds) = 1.45600008965
-----------
Permutation = [0, 41, 1, 40, 39, 38, 37, 36, 35, 34, 33, 30, 29, 31, 32, 28, 27, 26, 25, 23, 24, 8, 7, 6, 5, 4, 10, 22, 21, 20, 19, 18, 17, 16, 15, 14, 13, 12, 11, 9, 2, 3]
Cost = 762
Time Elapsed (seconds) = 1.72400021553
-----------
Permutation = [0, 41, 1, 40, 39, 38, 37, 36, 35, 34, 33, 30, 29, 31, 32, 28, 27, 26, 25, 23, 24, 8, 7, 6, 5, 9, 11, 12, 16, 15, 13, 14, 17, 18, 19, 20, 21, 22, 10, 2, 3, 4]
Cost = 761
Time Elapsed (seconds) = 2.16300010681
-----------
Permutation = [0, 41, 1, 40, 39, 38, 37, 36, 35, 34, 33, 30, 29, 31, 32, 28, 27, 26, 25, 23, 24, 8, 7, 6, 5, 9, 11, 12, 13, 14, 15, 16, 17, 18, 19, 20, 21, 22, 10, 2, 3, 4]
Cost = 760
Time Elapsed (seconds) = 2.33899998665
-----------
Permutation = [0, 41, 1, 40, 39, 38, 37, 36, 35, 34, 33, 30, 29, 31, 32, 28, 27, 26, 25, 23, 24, 8, 7, 6, 5, 11, 12, 13, 14, 15, 16, 17, 18, 19, 20, 21, 22, 10, 9, 2, 3, 4]
Cost = 759
Time Elapsed (seconds) = 2.69000005722
-----------
Permutation = [0, 41, 1, 40, 39, 38, 37, 36, 35, 34, 33, 30, 29, 31, 32, 28, 27, 26, 25, 23, 24, 8, 7, 6, 5, 10, 22, 21, 20, 19, 18, 17, 16, 15, 14, 13, 12, 11, 9, 2, 3, 4]
Cost = 754
Time Elapsed (seconds) = 2.91300010681
-----------
Permutation = [0, 41, 1, 40, 39, 38, 37, 36, 35, 34, 33, 30, 29, 31, 32, 28, 27, 26, 25, 23, 24, 8, 7, 6, 5, 20, 19, 18, 17, 14, 13, 12, 15, 16, 21, 22, 10, 11, 9, 2, 3, 4]
Cost = 752
Time Elapsed (seconds) = 3.21000003815
-----------
Permutation = [0, 41, 1, 40, 39, 38, 37, 36, 35, 34, 33, 30, 29, 31, 32, 28, 27, 26, 25, 23, 24, 8, 7, 9, 11, 10, 22, 21, 16, 12, 15, 13, 14, 17, 18, 19, 20, 5, 6, 2, 3, 4]
Cost = 750
Time Elapsed (seconds) = 5.90100002289
-----------
Permutation = [0, 41, 1, 40, 39, 38, 37, 36, 35, 34, 33, 30, 29, 31, 32, 28, 27, 26, 25, 23, 24, 8, 7, 9, 11, 10, 22, 21, 16, 12, 15, 13, 14, 17, 18, 19, 20, 6, 5, 4, 2, 3]
Cost = 749
Time Elapsed (seconds) = 6.09000015259
-----------
Permutation = [0, 41, 1, 40, 39, 38, 37, 36, 35, 34, 33, 30, 29, 31, 32, 28, 27, 26, 25, 23, 24, 8, 7, 9, 11, 10, 22, 21, 16, 15, 12, 13, 14, 17, 18, 19, 20, 5, 6, 2, 3, 4]
Cost = 747
Time Elapsed (seconds) = 6.26200008392
-----------
Permutation = [0, 41, 1, 40, 39, 38, 37, 36, 35, 34, 33, 30, 29, 31, 32, 28, 27, 26, 25, 23, 24, 8, 7, 9, 11, 10, 22, 21, 16, 15, 12, 13, 14, 17, 18, 19, 20, 6, 5, 4, 2, 3]
Cost = 746
Time Elapsed (seconds) = 6.44400000572
-----------
Permutation = [0, 41, 1, 40, 39, 38, 37, 36, 35, 34, 33, 30, 29, 31, 32, 28, 27, 26, 25, 23, 24, 8, 7, 9, 11, 12, 16, 15, 13, 14, 17, 18, 19, 20, 21, 22, 10, 6, 5, 4, 2, 3]
Cost = 745
Time Elapsed (seconds) = 6.7380001545
-----------
Permutation = [0, 41, 1, 40, 39, 38, 37, 36, 35, 34, 33, 30, 29, 31, 32, 28, 27, 26, 25, 23, 24, 8, 7, 9, 11, 12, 13, 14, 15, 16, 17, 18, 19, 20, 21, 22, 10, 6, 5, 4, 2, 3]
Cost = 744
Time Elapsed (seconds) = 6.93600010872
-----------
Permutation = [0, 41, 1, 40, 39, 38, 37, 36, 35, 34, 33, 30, 29, 31, 32, 28, 27, 26, 25, 23, 24, 8, 9, 11, 10, 22, 21, 16, 15, 12, 13, 14, 17, 18, 19, 20, 7, 6, 5, 4, 2, 3]
Cost = 742
Time Elapsed (seconds) = 11.6620001793
-----------
Permutation = [0, 41, 1, 40, 39, 38, 37, 36, 35, 34, 33, 30, 29, 31, 32, 28, 27, 26, 25, 23, 24, 8, 9, 11, 12, 16, 15, 13, 14, 17, 18, 19, 20, 21, 22, 10, 7, 6, 5, 4, 2, 3]
Cost = 736
Time Elapsed (seconds) = 11.9970002174
-----------
Permutation = [0, 41, 1, 40, 39, 38, 37, 36, 35, 34, 33, 30, 29, 31, 32, 28, 27, 26, 25, 23, 24, 8, 9, 11, 12, 13, 14, 15, 16, 17, 18, 19, 20, 21, 22, 10, 7, 6, 5, 4, 2, 3]
Cost = 735
Time Elapsed (seconds) = 12.1840000153
-----------
Permutation = [0, 41, 1, 40, 39, 38, 37, 36, 35, 34, 33, 30, 29, 31, 32, 28, 27, 26, 25, 23, 24, 9, 11, 10, 22, 21, 16, 12, 15, 13, 14, 17, 18, 19, 20, 8, 7, 6, 5, 4, 2, 3]
Cost = 729
Time Elapsed (seconds) = 24.4490001202
-----------
Permutation = [0, 41, 1, 40, 39, 38, 37, 36, 35, 34, 33, 30, 29, 31, 32, 28, 27, 26, 25, 23, 24, 9, 11, 10, 22, 21, 16, 15, 12, 13, 14, 17, 18, 19, 20, 8, 7, 6, 5, 4, 2, 3]
Cost = 726
Time Elapsed (seconds) = 24.6570000648
-----------
Permutation = [0, 41, 1, 40, 39, 38, 37, 36, 35, 34, 33, 30, 29, 31, 32, 28, 27, 26, 25, 23, 24, 9, 11, 12, 16, 15, 13, 14, 17, 18, 19, 20, 21, 22, 10, 8, 7, 6, 5, 4, 2, 3]
Cost = 716
Time Elapsed (seconds) = 25.0830001831
-----------
Permutation = [0, 41, 1, 40, 39, 38, 37, 36, 35, 34, 33, 30, 29, 31, 32, 28, 27, 26, 25, 23, 24, 9, 11, 12, 13, 14, 15, 16, 17, 18, 19, 20, 21, 22, 10, 8, 7, 6, 5, 4, 2, 3]
Cost = 715
Time Elapsed (seconds) = 25.2829999924
-----------
Permutation = [0, 41, 1, 40, 39, 38, 37, 36, 35, 34, 33, 30, 29, 31, 32, 28, 27, 26, 25, 23, 24, 11, 12, 16, 15, 13, 14, 17, 18, 19, 20, 21, 22, 10, 9, 8, 7, 6, 5, 4, 2, 3]
Cost = 710
Time Elapsed (seconds) = 27.3050000668
-----------
Permutation = [0, 41, 1, 40, 39, 38, 37, 36, 35, 34, 33, 30, 29, 31, 32, 28, 27, 26, 25, 23, 24, 11, 12, 13, 14, 15, 16, 17, 18, 19, 20, 21, 22, 10, 9, 8, 7, 6, 5, 4, 2, 3]
Cost = 709
Time Elapsed (seconds) = 27.5420000553
-----------
Permutation = [0, 41, 1, 40, 39, 38, 37, 36, 35, 34, 33, 30, 29, 31, 32, 28, 27, 26, 25, 23, 24, 10, 22, 21, 20, 19, 18, 17, 16, 15, 14, 13, 12, 11, 9, 8, 7, 6, 5, 4, 2, 3]
Cost = 704
Time Elapsed (seconds) = 27.7950000763
-----------
Permutation = [0, 41, 1, 40, 39, 38, 37, 36, 35, 34, 33, 30, 29, 31, 32, 28, 27, 26, 25, 23, 10, 22, 21, 20, 19, 18, 17, 16, 15, 14, 13, 12, 11, 9, 24, 8, 7, 6, 5, 4, 2, 3]
Cost = 700
Time Elapsed (seconds) = 31.3740000725
-----------
Permutation = [0, 41, 1, 40, 39, 38, 37, 36, 35, 34, 33, 30, 29, 31, 32, 28, 27, 26, 25, 23, 22, 21, 20, 19, 18, 17, 16, 15, 14, 13, 12, 11, 10, 9, 24, 8, 7, 6, 5, 4, 2, 3]
Cost = 699
Time Elapsed (seconds) = 31.8110001087
-----------
Permutation = [0, 41, 1, 40, 39, 38, 37, 36, 35, 34, 33, 30, 29, 31, 32, 28, 27, 26, 25, 24, 23, 10, 22, 21, 20, 19, 18, 17, 16, 15, 14, 13, 12, 11, 9, 8, 7, 6, 5, 4, 2, 3]
Cost = 697
Time Elapsed (seconds) = 32.9639999866
-----------
Permutation = [0, 41, 1, 40, 39, 38, 37, 36, 35, 34, 33, 30, 29, 31, 32, 28, 27, 26, 25, 24, 23, 22, 21, 20, 19, 18, 17, 16, 15, 14, 13, 12, 11, 10, 9, 8, 7, 6, 5, 4, 2, 3]
Cost = 696
Time Elapsed (seconds) = 33.3990001678
-----------
Permutation = [0, 41, 1, 40, 39, 38, 37, 36, 35, 34, 33, 30, 29, 31, 32, 28, 27, 20, 19, 18, 17, 14, 13, 12, 15, 16, 21, 22, 10, 11, 9, 23, 26, 25, 24, 8, 7, 6, 5, 4, 2, 3]
Cost = 690
Time Elapsed (seconds) = 68.9060001373
-----------
Permutation = [0, 41, 1, 40, 39, 38, 37, 36, 35, 34, 33, 30, 29, 31, 32, 28, 27, 20, 19, 18, 17, 14, 13, 12, 15, 16, 21, 22, 10, 11, 23, 26, 25, 24, 9, 8, 7, 6, 5, 4, 2, 3]
Cost = 689
Time Elapsed (seconds) = 69.0750000477
-----------
Permutation = [0, 41, 1, 40, 39, 38, 37, 36, 35, 34, 33, 30, 29, 31, 32, 28, 27, 20, 19, 18, 17, 14, 13, 12, 15, 16, 21, 22, 11, 10, 23, 26, 25, 24, 9, 8, 7, 6, 5, 4, 2, 3]
Cost = 688
Time Elapsed (seconds) = 69.248000145
-----------
Permutation = [0, 41, 1, 40, 39, 38, 37, 36, 35, 34, 33, 32, 31, 30, 29, 28, 27, 20, 19, 18, 17, 14, 13, 12, 15, 16, 21, 22, 10, 11, 9, 23, 26, 25, 24, 8, 7, 6, 5, 4, 2, 3]
Cost = 686
Time Elapsed (seconds) = 302.532000065
-----------
Permutation = [0, 41, 1, 40, 39, 38, 37, 36, 35, 34, 33, 32, 31, 30, 29, 28, 27, 20, 19, 18, 17, 14, 13, 12, 15, 16, 21, 22, 10, 11, 23, 26, 25, 24, 9, 8, 7, 6, 5, 4, 2, 3]
Cost = 685
Time Elapsed (seconds) = 302.713999987
-----------
Permutation = [0, 41, 1, 40, 39, 38, 37, 36, 35, 34, 33, 32, 31, 30, 29, 28, 27, 20, 19, 18, 17, 14, 13, 12, 15, 16, 21, 22, 11, 10, 23, 26, 25, 24, 9, 8, 7, 6, 5, 4, 2, 3]
Cost = 684
Time Elapsed (seconds) = 302.889000177
Timeout: 1 hour executing
