BEST PERMUTATIONS FOUND SO FAR
-----------
Permutation = [0, 21, 1, 15, 28, 20, 33, 49, 8, 29, 38, 9, 48, 4, 37, 10, 31, 45, 50, 11, 46, 17, 3, 16, 36, 14, 32, 44, 43, 41, 18, 39, 40, 12, 24, 13, 5, 26, 47, 22, 23, 42, 6, 25, 7, 30, 27, 2, 35, 34, 19]
Cost = 448
Time Elapsed (seconds) = 1.0
-----------
Permutation = [0, 21, 1, 15, 28, 20, 33, 49, 8, 29, 38, 9, 48, 4, 37, 10, 31, 45, 50, 11, 46, 17, 3, 16, 36, 14, 32, 44, 43, 41, 18, 39, 40, 12, 24, 13, 23, 42, 6, 22, 5, 26, 47, 7, 25, 30, 27, 2, 35, 34, 19]
Cost = 447
Time Elapsed (seconds) = 2.12700009346
Timeout: 1 hour executing
