BEST PERMUTATIONS FOUND SO FAR
-----------
Permutation = [0, 42, 40, 41, 63, 21, 61, 27, 73, 1, 29, 47, 28, 44, 3, 74, 75, 25, 66, 33, 45, 7, 6, 34, 52, 10, 65, 64, 37, 9, 57, 71, 38, 8, 31, 2, 43, 39, 11, 16, 50, 5, 67, 32, 15, 62, 55, 22, 48, 23, 17, 49, 24, 54, 30, 58, 13, 18, 53, 12, 51, 26, 56, 14, 4, 36, 19, 69, 59, 70, 68, 35, 46, 20, 60, 72]
Cost = 588
Time Elapsed (seconds) = 2.94899988174
-----------
Permutation = [0, 42, 40, 41, 63, 21, 61, 27, 73, 1, 29, 47, 28, 44, 3, 74, 75, 25, 66, 33, 45, 7, 6, 34, 52, 10, 65, 64, 37, 9, 57, 71, 38, 8, 31, 2, 43, 39, 11, 16, 50, 5, 67, 32, 15, 62, 22, 55, 48, 23, 17, 49, 24, 54, 30, 58, 13, 18, 53, 12, 51, 26, 56, 14, 4, 36, 19, 69, 59, 70, 68, 35, 46, 20, 60, 72]
Cost = 586
Time Elapsed (seconds) = 4.90100002289
-----------
Permutation = [0, 42, 40, 41, 63, 21, 61, 27, 73, 1, 29, 47, 28, 44, 3, 74, 75, 25, 66, 33, 45, 7, 6, 34, 52, 10, 65, 64, 37, 9, 57, 71, 38, 8, 31, 2, 43, 39, 11, 16, 50, 5, 67, 51, 26, 4, 46, 20, 60, 68, 35, 70, 59, 69, 19, 36, 14, 56, 12, 53, 18, 13, 58, 30, 54, 24, 49, 17, 23, 48, 55, 22, 62, 15, 32, 72]
Cost = 584
Time Elapsed (seconds) = 2485.70899987
Timeout: 1 hour executing
