BEST PERMUTATIONS FOUND SO FAR
-----------
Permutation = [0, 1, 5, 6, 9, 10, 14, 102, 20, 21, 28, 31, 30, 29, 27, 22, 19, 11, 18, 23, 26, 15, 17, 24, 25, 16, 8, 7, 4, 3, 12, 13, 33, 34, 37, 38, 41, 40, 42, 45, 51, 52, 57, 56, 53, 50, 46, 43, 44, 47, 49, 54, 55, 58, 63, 66, 67, 70, 77, 81, 82, 84, 83, 78, 76, 71, 72, 75, 79, 68, 73, 74, 80, 69, 62, 61, 104, 48, 39, 103, 35, 36, 59, 60, 64, 65, 86, 87, 93, 94, 99, 98, 97, 89, 88, 92, 90, 91, 95, 96, 100, 101, 85, 32, 2]
Cost = 17792
Time Elapsed (seconds) = 4.12299990654
-----------
Permutation = [0, 1, 5, 6, 9, 10, 14, 102, 20, 21, 28, 31, 30, 29, 27, 22, 19, 11, 18, 23, 26, 15, 17, 24, 25, 16, 8, 7, 4, 3, 12, 13, 33, 34, 37, 38, 41, 40, 42, 45, 51, 52, 57, 56, 53, 50, 46, 43, 44, 47, 49, 54, 55, 58, 63, 66, 67, 70, 77, 81, 82, 84, 83, 78, 76, 71, 72, 75, 79, 68, 73, 74, 80, 69, 62, 61, 104, 48, 39, 103, 35, 36, 59, 60, 64, 65, 86, 87, 93, 94, 99, 98, 97, 89, 88, 92, 95, 96, 100, 101, 91, 90, 85, 32, 2]
Cost = 17721
Time Elapsed (seconds) = 4.23199987411
-----------
Permutation = [0, 1, 5, 6, 9, 10, 14, 102, 20, 21, 28, 31, 30, 29, 27, 22, 19, 11, 18, 23, 26, 15, 17, 24, 25, 16, 8, 7, 4, 3, 12, 13, 33, 34, 37, 38, 41, 40, 42, 45, 51, 52, 57, 56, 53, 50, 46, 43, 44, 47, 49, 54, 55, 58, 63, 66, 67, 70, 77, 81, 82, 84, 83, 78, 76, 71, 72, 75, 79, 68, 73, 74, 80, 69, 62, 61, 104, 48, 39, 103, 35, 36, 59, 60, 64, 65, 86, 87, 93, 94, 99, 98, 97, 89, 88, 92, 96, 100, 101, 95, 91, 90, 85, 32, 2]
Cost = 17701
Time Elapsed (seconds) = 4.33599996567
-----------
Permutation = [0, 1, 5, 6, 9, 10, 14, 102, 20, 21, 28, 31, 30, 29, 27, 22, 19, 11, 18, 23, 26, 15, 17, 24, 25, 16, 8, 7, 4, 3, 12, 13, 33, 34, 37, 38, 41, 40, 42, 45, 51, 52, 57, 56, 53, 50, 46, 43, 44, 47, 49, 54, 55, 58, 63, 66, 67, 70, 77, 81, 82, 84, 83, 78, 76, 71, 72, 75, 79, 68, 73, 74, 80, 69, 62, 61, 104, 48, 39, 103, 35, 36, 59, 60, 64, 65, 86, 87, 93, 94, 99, 98, 97, 89, 88, 92, 101, 100, 96, 95, 91, 90, 85, 32, 2]
Cost = 17636
Time Elapsed (seconds) = 4.4359998703
-----------
Permutation = [0, 1, 5, 6, 9, 10, 14, 102, 20, 21, 28, 31, 30, 29, 27, 22, 19, 11, 18, 23, 26, 15, 17, 24, 25, 16, 8, 7, 4, 3, 12, 13, 33, 34, 37, 38, 41, 40, 42, 45, 51, 52, 57, 56, 53, 50, 46, 43, 44, 47, 49, 54, 55, 58, 63, 66, 67, 70, 77, 81, 82, 84, 83, 78, 76, 71, 72, 75, 79, 68, 73, 74, 80, 69, 62, 61, 104, 48, 39, 103, 85, 88, 89, 92, 90, 91, 95, 96, 100, 101, 97, 98, 94, 99, 93, 87, 86, 65, 64, 60, 59, 36, 35, 32, 2]
Cost = 17494
Time Elapsed (seconds) = 6.23599982262
-----------
Permutation = [0, 1, 5, 6, 9, 10, 14, 102, 20, 21, 28, 31, 30, 29, 27, 22, 19, 11, 18, 23, 26, 15, 17, 24, 25, 16, 8, 7, 4, 3, 12, 13, 33, 34, 37, 38, 41, 40, 42, 45, 51, 52, 57, 56, 53, 50, 46, 43, 44, 47, 49, 54, 55, 58, 63, 66, 67, 70, 77, 81, 82, 84, 83, 78, 76, 71, 72, 75, 79, 68, 73, 74, 80, 69, 62, 61, 104, 48, 39, 103, 85, 88, 89, 92, 90, 91, 95, 96, 100, 101, 97, 98, 99, 94, 93, 87, 86, 65, 64, 60, 59, 36, 35, 32, 2]
Cost = 17445
Time Elapsed (seconds) = 6.33699989319
-----------
Permutation = [0, 1, 5, 6, 9, 10, 14, 102, 20, 21, 28, 31, 30, 29, 27, 22, 19, 11, 18, 23, 26, 15, 17, 24, 25, 16, 8, 7, 4, 3, 12, 13, 33, 34, 37, 38, 41, 40, 42, 45, 51, 52, 57, 56, 53, 50, 46, 43, 44, 47, 49, 54, 55, 58, 63, 66, 67, 70, 77, 81, 82, 84, 83, 78, 76, 71, 72, 75, 79, 68, 73, 74, 80, 69, 62, 61, 104, 48, 39, 103, 85, 90, 91, 95, 96, 100, 101, 92, 97, 98, 88, 89, 94, 99, 93, 87, 86, 65, 64, 60, 59, 36, 35, 32, 2]
Cost = 17398
Time Elapsed (seconds) = 6.5759999752
-----------
Permutation = [0, 1, 5, 6, 9, 10, 14, 102, 20, 21, 28, 31, 30, 29, 27, 22, 19, 11, 18, 23, 26, 15, 17, 24, 25, 16, 8, 7, 4, 3, 12, 13, 33, 34, 37, 38, 41, 40, 42, 45, 51, 52, 57, 56, 53, 50, 46, 43, 44, 47, 49, 54, 55, 58, 63, 66, 67, 70, 77, 81, 82, 84, 83, 78, 76, 71, 72, 75, 79, 68, 73, 74, 80, 69, 62, 61, 104, 48, 39, 103, 85, 90, 91, 95, 96, 100, 101, 92, 88, 89, 97, 98, 94, 99, 93, 87, 86, 65, 64, 60, 59, 36, 35, 32, 2]
Cost = 17358
Time Elapsed (seconds) = 6.69299983978
-----------
Permutation = [0, 1, 5, 6, 9, 10, 14, 102, 20, 21, 28, 31, 30, 29, 27, 22, 19, 11, 18, 23, 26, 15, 17, 24, 25, 16, 8, 7, 4, 3, 12, 13, 33, 34, 37, 38, 41, 40, 42, 45, 51, 52, 57, 56, 53, 50, 46, 43, 44, 47, 49, 54, 55, 58, 63, 66, 67, 70, 77, 81, 82, 84, 83, 78, 76, 71, 72, 75, 79, 68, 73, 74, 80, 69, 62, 61, 104, 48, 39, 103, 85, 90, 91, 95, 96, 100, 101, 92, 88, 89, 97, 98, 99, 94, 93, 87, 86, 65, 64, 60, 59, 36, 35, 32, 2]
Cost = 17309
Time Elapsed (seconds) = 6.79699993134
-----------
Permutation = [0, 1, 5, 6, 9, 10, 14, 102, 20, 21, 28, 31, 30, 29, 27, 22, 19, 11, 18, 23, 26, 15, 17, 24, 25, 16, 8, 7, 4, 3, 12, 13, 33, 34, 37, 38, 41, 40, 42, 45, 51, 52, 57, 56, 53, 50, 46, 43, 44, 47, 49, 54, 55, 58, 63, 66, 67, 70, 77, 81, 82, 84, 83, 78, 76, 71, 72, 75, 79, 68, 73, 74, 80, 69, 62, 61, 104, 85, 88, 89, 98, 97, 101, 100, 96, 95, 91, 90, 92, 94, 99, 93, 87, 86, 65, 64, 59, 60, 48, 39, 103, 36, 35, 32, 2]
Cost = 17303
Time Elapsed (seconds) = 9.61199998856
-----------
Permutation = [0, 1, 5, 6, 9, 10, 14, 102, 20, 21, 28, 31, 30, 29, 27, 22, 19, 11, 18, 23, 26, 15, 17, 24, 25, 16, 8, 7, 4, 3, 12, 13, 33, 34, 37, 38, 41, 40, 42, 45, 51, 52, 57, 56, 53, 50, 46, 43, 44, 47, 49, 54, 55, 58, 63, 66, 67, 70, 77, 81, 82, 84, 83, 78, 76, 71, 72, 75, 79, 68, 73, 74, 80, 69, 62, 61, 104, 85, 88, 89, 98, 97, 101, 100, 96, 95, 91, 90, 92, 99, 94, 93, 87, 86, 65, 64, 60, 59, 36, 35, 103, 48, 39, 32, 2]
Cost = 17298
Time Elapsed (seconds) = 9.757999897
-----------
Permutation = [0, 1, 5, 6, 9, 10, 14, 102, 20, 21, 28, 31, 30, 29, 27, 22, 19, 11, 18, 23, 26, 15, 17, 24, 25, 16, 8, 7, 4, 3, 12, 13, 33, 34, 37, 38, 41, 40, 42, 45, 51, 52, 57, 56, 53, 50, 46, 43, 44, 47, 49, 54, 55, 58, 63, 66, 67, 70, 77, 81, 82, 84, 83, 78, 76, 71, 72, 75, 79, 68, 73, 74, 80, 69, 62, 61, 104, 85, 88, 89, 98, 97, 101, 100, 96, 95, 91, 90, 92, 99, 94, 93, 87, 86, 65, 64, 59, 60, 48, 39, 103, 36, 35, 32, 2]
Cost = 17278
Time Elapsed (seconds) = 9.8639998436
-----------
Permutation = [0, 1, 5, 6, 9, 10, 14, 102, 20, 21, 28, 31, 30, 29, 27, 22, 19, 11, 18, 23, 26, 15, 17, 24, 25, 16, 8, 7, 4, 3, 12, 13, 33, 34, 37, 38, 41, 40, 42, 45, 51, 52, 57, 56, 53, 50, 46, 43, 44, 47, 49, 54, 55, 58, 63, 66, 67, 70, 77, 81, 82, 84, 83, 78, 76, 71, 72, 75, 79, 68, 73, 74, 80, 69, 62, 61, 104, 85, 88, 89, 98, 97, 92, 90, 91, 95, 96, 100, 101, 99, 94, 93, 87, 86, 65, 64, 59, 60, 48, 39, 103, 36, 35, 32, 2]
Cost = 17267
Time Elapsed (seconds) = 10.8899998665
-----------
Permutation = [0, 1, 5, 6, 9, 10, 14, 102, 20, 21, 28, 31, 30, 29, 27, 22, 19, 11, 18, 23, 26, 15, 17, 24, 25, 16, 8, 7, 4, 3, 12, 13, 33, 34, 37, 38, 41, 40, 42, 45, 51, 52, 57, 56, 53, 50, 46, 43, 44, 47, 49, 54, 55, 58, 63, 66, 67, 70, 77, 81, 82, 84, 83, 78, 76, 71, 72, 75, 79, 68, 73, 74, 80, 69, 62, 61, 104, 85, 88, 89, 97, 92, 90, 91, 95, 96, 100, 101, 98, 94, 99, 93, 87, 86, 65, 64, 60, 59, 36, 35, 103, 48, 39, 32, 2]
Cost = 17261
Time Elapsed (seconds) = 18.5559999943
-----------
Permutation = [0, 1, 5, 6, 9, 10, 14, 102, 20, 21, 28, 31, 30, 29, 27, 22, 19, 11, 18, 23, 26, 15, 17, 24, 25, 16, 8, 7, 4, 3, 12, 13, 33, 34, 37, 38, 41, 40, 42, 45, 51, 52, 57, 56, 53, 50, 46, 43, 44, 47, 49, 54, 55, 58, 63, 66, 67, 70, 77, 81, 82, 84, 83, 78, 76, 71, 72, 75, 79, 68, 73, 74, 80, 69, 62, 61, 104, 85, 88, 89, 97, 92, 90, 91, 95, 96, 100, 101, 98, 94, 99, 93, 87, 86, 65, 64, 59, 60, 48, 39, 103, 36, 35, 32, 2]
Cost = 17241
Time Elapsed (seconds) = 18.6799998283
-----------
Permutation = [0, 1, 5, 6, 9, 10, 14, 102, 20, 21, 28, 31, 30, 29, 27, 22, 19, 11, 18, 23, 26, 15, 17, 24, 25, 16, 8, 7, 4, 3, 12, 13, 33, 34, 37, 38, 41, 40, 42, 45, 51, 52, 57, 56, 53, 50, 46, 43, 44, 47, 49, 54, 55, 58, 63, 66, 67, 70, 77, 81, 82, 84, 83, 78, 76, 71, 72, 75, 79, 68, 73, 74, 80, 69, 62, 61, 104, 85, 88, 89, 97, 92, 90, 91, 95, 96, 100, 101, 98, 99, 94, 93, 87, 86, 65, 64, 60, 59, 36, 35, 103, 48, 39, 32, 2]
Cost = 17212
Time Elapsed (seconds) = 18.8179998398
-----------
Permutation = [0, 1, 5, 6, 9, 10, 14, 102, 20, 21, 28, 31, 30, 29, 27, 22, 19, 11, 18, 23, 26, 15, 17, 24, 25, 16, 8, 7, 4, 3, 12, 13, 33, 34, 37, 38, 41, 40, 42, 45, 51, 52, 57, 56, 53, 50, 46, 43, 44, 47, 49, 54, 55, 58, 63, 66, 67, 70, 77, 81, 82, 84, 83, 78, 76, 71, 72, 75, 79, 68, 73, 74, 80, 69, 62, 61, 104, 85, 88, 89, 97, 92, 90, 91, 95, 96, 100, 101, 98, 99, 94, 93, 87, 86, 65, 64, 59, 60, 48, 39, 103, 36, 35, 32, 2]
Cost = 17192
Time Elapsed (seconds) = 18.9309999943
-----------
Permutation = [0, 1, 5, 6, 9, 10, 14, 102, 20, 21, 28, 31, 30, 29, 27, 22, 19, 11, 18, 23, 26, 15, 17, 24, 25, 16, 8, 7, 4, 3, 12, 13, 33, 34, 37, 38, 41, 40, 42, 45, 51, 52, 57, 56, 53, 50, 46, 43, 44, 47, 49, 54, 55, 58, 63, 66, 67, 70, 77, 81, 82, 84, 83, 78, 76, 71, 72, 75, 79, 68, 73, 74, 80, 69, 62, 61, 104, 85, 88, 89, 92, 90, 91, 95, 96, 100, 101, 97, 98, 94, 99, 93, 87, 86, 65, 64, 60, 59, 36, 35, 103, 48, 39, 32, 2]
Cost = 17056
Time Elapsed (seconds) = 23.7869999409
-----------
Permutation = [0, 1, 5, 6, 9, 10, 14, 102, 20, 21, 28, 31, 30, 29, 27, 22, 19, 11, 18, 23, 26, 15, 17, 24, 25, 16, 8, 7, 4, 3, 12, 13, 33, 34, 37, 38, 41, 40, 42, 45, 51, 52, 57, 56, 53, 50, 46, 43, 44, 47, 49, 54, 55, 58, 63, 66, 67, 70, 77, 81, 82, 84, 83, 78, 76, 71, 72, 75, 79, 68, 73, 74, 80, 69, 62, 61, 104, 85, 88, 89, 92, 90, 91, 95, 96, 100, 101, 97, 98, 94, 99, 93, 87, 86, 65, 64, 59, 60, 48, 39, 103, 36, 35, 32, 2]
Cost = 17036
Time Elapsed (seconds) = 23.8989999294
-----------
Permutation = [0, 1, 5, 6, 9, 10, 14, 102, 20, 21, 28, 31, 30, 29, 27, 22, 19, 11, 18, 23, 26, 15, 17, 24, 25, 16, 8, 7, 4, 3, 12, 13, 33, 34, 37, 38, 41, 40, 42, 45, 51, 52, 57, 56, 53, 50, 46, 43, 44, 47, 49, 54, 55, 58, 63, 66, 67, 70, 77, 81, 82, 84, 83, 78, 76, 71, 72, 75, 79, 68, 73, 74, 80, 69, 62, 61, 104, 85, 88, 89, 92, 90, 91, 95, 96, 100, 101, 97, 98, 99, 94, 93, 87, 86, 65, 64, 60, 59, 36, 35, 103, 48, 39, 32, 2]
Cost = 17007
Time Elapsed (seconds) = 24.0309998989
-----------
Permutation = [0, 1, 5, 6, 9, 10, 14, 102, 20, 21, 28, 31, 30, 29, 27, 22, 19, 11, 18, 23, 26, 15, 17, 24, 25, 16, 8, 7, 4, 3, 12, 13, 33, 34, 37, 38, 41, 40, 42, 45, 51, 52, 57, 56, 53, 50, 46, 43, 44, 47, 49, 54, 55, 58, 63, 66, 67, 70, 77, 81, 82, 84, 83, 78, 76, 71, 72, 75, 79, 68, 73, 74, 80, 69, 62, 61, 104, 85, 88, 89, 92, 90, 91, 95, 96, 100, 101, 97, 98, 99, 94, 93, 87, 86, 65, 64, 59, 60, 48, 39, 103, 36, 35, 32, 2]
Cost = 16987
Time Elapsed (seconds) = 24.1349999905
-----------
Permutation = [0, 1, 5, 6, 9, 10, 14, 102, 20, 21, 28, 31, 30, 29, 27, 22, 19, 11, 18, 23, 26, 15, 17, 24, 25, 16, 8, 7, 4, 3, 12, 13, 33, 34, 37, 38, 41, 40, 42, 45, 51, 52, 57, 56, 53, 50, 46, 43, 44, 47, 49, 54, 55, 58, 63, 66, 67, 70, 77, 81, 82, 84, 83, 78, 76, 71, 72, 75, 79, 68, 73, 74, 80, 69, 62, 61, 104, 85, 90, 91, 95, 96, 100, 101, 92, 97, 98, 88, 89, 94, 99, 93, 87, 86, 65, 64, 60, 59, 36, 35, 103, 48, 39, 32, 2]
Cost = 16960
Time Elapsed (seconds) = 33.8289999962
-----------
Permutation = [0, 1, 5, 6, 9, 10, 14, 102, 20, 21, 28, 31, 30, 29, 27, 22, 19, 11, 18, 23, 26, 15, 17, 24, 25, 16, 8, 7, 4, 3, 12, 13, 33, 34, 37, 38, 41, 40, 42, 45, 51, 52, 57, 56, 53, 50, 46, 43, 44, 47, 49, 54, 55, 58, 63, 66, 67, 70, 77, 81, 82, 84, 83, 78, 76, 71, 72, 75, 79, 68, 73, 74, 80, 69, 62, 61, 104, 85, 90, 91, 95, 96, 100, 101, 92, 97, 98, 88, 89, 94, 99, 93, 87, 86, 65, 64, 59, 60, 48, 39, 103, 36, 35, 32, 2]
Cost = 16940
Time Elapsed (seconds) = 33.9429998398
-----------
Permutation = [0, 1, 5, 6, 9, 10, 14, 102, 20, 21, 28, 31, 30, 29, 27, 22, 19, 11, 18, 23, 26, 15, 17, 24, 25, 16, 8, 7, 4, 3, 12, 13, 33, 34, 37, 38, 41, 40, 42, 45, 51, 52, 57, 56, 53, 50, 46, 43, 44, 47, 49, 54, 55, 58, 63, 66, 67, 70, 77, 81, 82, 84, 83, 78, 76, 71, 72, 75, 79, 68, 73, 74, 80, 69, 62, 61, 104, 85, 90, 91, 95, 96, 100, 101, 92, 88, 89, 97, 98, 94, 99, 93, 87, 86, 65, 64, 60, 59, 36, 35, 103, 48, 39, 32, 2]
Cost = 16920
Time Elapsed (seconds) = 34.2989997864
-----------
Permutation = [0, 1, 5, 6, 9, 10, 14, 102, 20, 21, 28, 31, 30, 29, 27, 22, 19, 11, 18, 23, 26, 15, 17, 24, 25, 16, 8, 7, 4, 3, 12, 13, 33, 34, 37, 38, 41, 40, 42, 45, 51, 52, 57, 56, 53, 50, 46, 43, 44, 47, 49, 54, 55, 58, 63, 66, 67, 70, 77, 81, 82, 84, 83, 78, 76, 71, 72, 75, 79, 68, 73, 74, 80, 69, 62, 61, 104, 85, 90, 91, 95, 96, 100, 101, 92, 88, 89, 97, 98, 94, 99, 93, 87, 86, 65, 64, 59, 60, 48, 39, 103, 36, 35, 32, 2]
Cost = 16900
Time Elapsed (seconds) = 34.4129998684
-----------
Permutation = [0, 1, 5, 6, 9, 10, 14, 102, 20, 21, 28, 31, 30, 29, 27, 22, 19, 11, 18, 23, 26, 15, 17, 24, 25, 16, 8, 7, 4, 3, 12, 13, 33, 34, 37, 38, 41, 40, 42, 45, 51, 52, 57, 56, 53, 50, 46, 43, 44, 47, 49, 54, 55, 58, 63, 66, 67, 70, 77, 81, 82, 84, 83, 78, 76, 71, 72, 75, 79, 68, 73, 74, 80, 69, 62, 61, 104, 85, 90, 91, 95, 96, 100, 101, 92, 88, 89, 97, 98, 99, 94, 93, 87, 86, 65, 64, 60, 59, 36, 35, 103, 48, 39, 32, 2]
Cost = 16871
Time Elapsed (seconds) = 34.5749998093
-----------
Permutation = [0, 1, 5, 6, 9, 10, 14, 102, 20, 21, 28, 31, 30, 29, 27, 22, 19, 11, 18, 23, 26, 15, 17, 24, 25, 16, 8, 7, 4, 3, 12, 13, 33, 34, 37, 38, 41, 40, 42, 45, 51, 52, 57, 56, 53, 50, 46, 43, 44, 47, 49, 54, 55, 58, 63, 66, 67, 70, 77, 81, 82, 84, 83, 78, 76, 71, 72, 75, 79, 68, 73, 74, 80, 69, 62, 61, 104, 85, 90, 91, 95, 96, 100, 101, 92, 88, 89, 97, 98, 99, 94, 93, 87, 86, 65, 64, 59, 60, 48, 39, 103, 36, 35, 32, 2]
Cost = 16851
Time Elapsed (seconds) = 34.7019999027
-----------
Permutation = [0, 1, 5, 6, 9, 10, 14, 102, 20, 21, 28, 31, 30, 29, 27, 22, 19, 11, 18, 23, 26, 15, 17, 24, 25, 16, 8, 7, 4, 3, 12, 13, 33, 34, 37, 38, 41, 40, 42, 45, 51, 52, 57, 56, 53, 50, 46, 43, 44, 47, 49, 54, 55, 58, 63, 66, 67, 70, 77, 81, 82, 84, 83, 78, 76, 71, 72, 75, 79, 68, 73, 74, 80, 69, 62, 61, 60, 59, 64, 65, 86, 87, 93, 94, 99, 98, 97, 89, 88, 92, 90, 91, 95, 96, 100, 101, 85, 104, 48, 39, 103, 36, 35, 32, 2]
Cost = 16591
Time Elapsed (seconds) = 47.8359999657
-----------
Permutation = [0, 1, 5, 6, 9, 10, 14, 102, 20, 21, 28, 31, 30, 29, 27, 22, 19, 11, 18, 23, 26, 15, 17, 24, 25, 16, 8, 7, 4, 3, 12, 13, 33, 34, 37, 38, 41, 40, 42, 45, 51, 52, 57, 56, 53, 50, 46, 43, 44, 47, 49, 54, 55, 58, 63, 66, 67, 70, 77, 81, 82, 84, 83, 78, 76, 71, 72, 75, 79, 68, 73, 74, 80, 69, 62, 61, 60, 59, 64, 65, 86, 87, 93, 94, 99, 98, 97, 89, 88, 92, 95, 96, 101, 100, 91, 90, 85, 104, 48, 39, 103, 36, 35, 32, 2]
Cost = 16520
Time Elapsed (seconds) = 48.012999773
-----------
Permutation = [0, 1, 5, 6, 9, 10, 14, 102, 20, 21, 28, 31, 30, 29, 27, 22, 19, 11, 18, 23, 26, 15, 17, 24, 25, 16, 8, 7, 4, 3, 12, 13, 33, 34, 37, 38, 41, 40, 42, 45, 51, 52, 57, 56, 53, 50, 46, 43, 44, 47, 49, 54, 55, 58, 63, 66, 67, 70, 77, 81, 82, 84, 83, 78, 76, 71, 72, 75, 79, 68, 73, 74, 80, 69, 62, 61, 60, 59, 64, 65, 86, 87, 93, 94, 99, 98, 97, 89, 88, 92, 96, 101, 100, 95, 91, 90, 85, 104, 48, 39, 103, 36, 35, 32, 2]
Cost = 16500
Time Elapsed (seconds) = 48.1429998875
-----------
Permutation = [0, 1, 5, 6, 9, 10, 14, 102, 20, 21, 28, 31, 30, 29, 27, 22, 19, 11, 18, 23, 26, 15, 17, 24, 25, 16, 8, 7, 4, 3, 12, 13, 33, 34, 37, 38, 41, 40, 42, 45, 51, 52, 57, 56, 53, 50, 46, 43, 44, 47, 49, 54, 55, 58, 63, 66, 67, 70, 77, 81, 82, 84, 83, 78, 76, 71, 72, 75, 79, 68, 73, 74, 80, 69, 62, 61, 60, 59, 64, 65, 86, 87, 93, 94, 99, 98, 97, 89, 88, 92, 101, 100, 96, 95, 91, 90, 85, 104, 48, 39, 103, 36, 35, 32, 2]
Cost = 16435
Time Elapsed (seconds) = 48.2649998665
-----------
Permutation = [0, 1, 5, 6, 9, 10, 14, 102, 20, 21, 28, 31, 30, 29, 27, 22, 19, 11, 18, 23, 26, 15, 17, 24, 25, 16, 8, 7, 4, 3, 12, 13, 33, 34, 37, 38, 41, 40, 42, 45, 51, 52, 57, 56, 53, 50, 46, 43, 44, 47, 49, 54, 55, 58, 63, 66, 67, 70, 77, 81, 82, 84, 83, 78, 76, 71, 72, 75, 79, 68, 73, 74, 80, 69, 89, 88, 85, 90, 91, 95, 96, 100, 101, 92, 97, 98, 94, 99, 93, 87, 86, 65, 64, 59, 60, 62, 61, 104, 48, 39, 103, 36, 35, 32, 2]
Cost = 16019
Time Elapsed (seconds) = 54.1179997921
-----------
Permutation = [0, 1, 5, 6, 9, 10, 14, 102, 20, 21, 28, 31, 30, 29, 27, 22, 19, 11, 18, 23, 26, 15, 17, 24, 25, 16, 8, 7, 4, 3, 12, 13, 33, 34, 37, 38, 41, 40, 42, 45, 51, 52, 57, 56, 53, 50, 46, 43, 44, 47, 49, 54, 55, 58, 63, 66, 67, 70, 77, 81, 82, 84, 83, 78, 76, 71, 72, 75, 79, 68, 73, 74, 80, 69, 89, 88, 85, 90, 91, 95, 96, 100, 101, 92, 97, 98, 99, 94, 93, 87, 86, 65, 64, 59, 60, 62, 61, 104, 48, 39, 103, 36, 35, 32, 2]
Cost = 15970
Time Elapsed (seconds) = 54.251999855
-----------
Permutation = [0, 1, 5, 6, 9, 10, 14, 102, 20, 21, 28, 31, 30, 29, 27, 22, 19, 11, 18, 23, 26, 15, 17, 24, 25, 16, 8, 7, 4, 3, 12, 13, 33, 34, 37, 38, 41, 40, 42, 45, 51, 52, 57, 56, 53, 50, 46, 43, 44, 47, 49, 54, 55, 58, 63, 66, 67, 70, 77, 81, 82, 84, 83, 78, 76, 71, 72, 75, 79, 68, 73, 74, 69, 80, 89, 88, 85, 90, 91, 95, 96, 100, 101, 92, 97, 98, 99, 94, 93, 87, 86, 65, 64, 59, 60, 62, 61, 104, 48, 39, 103, 36, 35, 32, 2]
Cost = 15948
Time Elapsed (seconds) = 60.7339999676
-----------
Permutation = [0, 1, 5, 6, 9, 10, 14, 102, 20, 21, 28, 31, 30, 29, 27, 22, 19, 11, 18, 23, 26, 15, 17, 24, 25, 16, 8, 7, 4, 3, 12, 13, 33, 34, 37, 38, 41, 40, 42, 45, 51, 52, 57, 56, 53, 50, 46, 43, 44, 47, 49, 54, 55, 58, 63, 66, 67, 70, 77, 81, 82, 84, 83, 78, 76, 71, 72, 75, 79, 68, 73, 69, 74, 80, 89, 88, 85, 90, 91, 95, 96, 100, 101, 92, 97, 98, 94, 99, 93, 87, 86, 65, 64, 59, 60, 62, 61, 104, 48, 39, 103, 36, 35, 32, 2]
Cost = 15940
Time Elapsed (seconds) = 73.4689998627
-----------
Permutation = [0, 1, 5, 6, 9, 10, 14, 102, 20, 21, 28, 31, 30, 29, 27, 22, 19, 11, 18, 23, 26, 15, 17, 24, 25, 16, 8, 7, 4, 3, 12, 13, 33, 34, 37, 38, 41, 40, 42, 45, 51, 52, 57, 56, 53, 50, 46, 43, 44, 47, 49, 54, 55, 58, 63, 66, 67, 70, 77, 81, 82, 84, 83, 78, 76, 71, 72, 75, 79, 68, 73, 69, 74, 80, 89, 88, 85, 90, 91, 95, 96, 100, 101, 92, 97, 98, 99, 94, 93, 87, 86, 65, 64, 59, 60, 62, 61, 104, 48, 39, 103, 36, 35, 32, 2]
Cost = 15891
Time Elapsed (seconds) = 73.6089999676
-----------
Permutation = [0, 1, 5, 6, 9, 10, 14, 102, 20, 21, 28, 31, 30, 29, 27, 22, 19, 11, 18, 23, 26, 15, 17, 24, 25, 16, 8, 7, 4, 3, 12, 13, 33, 34, 37, 38, 41, 40, 42, 45, 51, 52, 57, 56, 53, 50, 46, 43, 44, 47, 49, 54, 55, 58, 63, 66, 67, 70, 77, 81, 82, 84, 83, 78, 76, 71, 72, 75, 79, 68, 69, 73, 74, 80, 89, 88, 85, 90, 91, 95, 96, 100, 101, 92, 97, 98, 99, 94, 93, 87, 86, 65, 64, 59, 60, 62, 61, 104, 48, 39, 103, 36, 35, 32, 2]
Cost = 15854
Time Elapsed (seconds) = 86.254999876
-----------
Permutation = [0, 1, 5, 6, 9, 10, 14, 102, 20, 21, 28, 31, 30, 29, 27, 22, 19, 11, 18, 23, 26, 15, 17, 24, 25, 16, 8, 7, 4, 3, 12, 13, 33, 34, 37, 38, 41, 40, 42, 45, 51, 52, 57, 56, 53, 50, 46, 43, 44, 47, 49, 54, 55, 58, 63, 66, 67, 70, 77, 81, 82, 84, 83, 78, 76, 71, 75, 79, 72, 68, 69, 73, 74, 80, 89, 88, 85, 90, 91, 95, 96, 100, 101, 92, 97, 98, 99, 94, 93, 87, 86, 65, 64, 59, 60, 62, 61, 104, 48, 39, 103, 36, 35, 32, 2]
Cost = 15850
Time Elapsed (seconds) = 1525.04599977
