BEST PERMUTATIONS FOUND SO FAR
-----------
Permutation = [0, 1, 5, 6, 9, 10, 14, 102, 20, 21, 28, 31, 30, 29, 27, 22, 19, 11, 18, 23, 26, 15, 17, 24, 25, 16, 8, 7, 4, 3, 110, 111, 114, 115, 119, 207, 125, 126, 133, 134, 135, 136, 137, 132, 127, 124, 131, 128, 123, 120, 122, 129, 130, 121, 113, 112, 116, 107, 105, 106, 12, 13, 33, 34, 38, 37, 144, 149, 152, 154, 159, 160, 163, 209, 161, 158, 155, 151, 148, 145, 147, 150, 156, 157, 162, 166, 167, 174, 173, 178, 179, 185, 184, 180, 177, 176, 181, 183, 188, 187, 186, 182, 175, 172, 168, 171, 64, 65, 60, 59, 153, 208, 140, 141, 146, 143, 142, 139, 138, 241, 240, 239, 238, 231, 230, 312, 232, 237, 229, 233, 236, 235, 234, 227, 226, 225, 228, 221, 224, 220, 219, 216, 215, 211, 210, 108, 109, 118, 117, 212, 217, 218, 214, 213, 222, 223, 243, 244, 247, 248, 251, 250, 252, 255, 261, 262, 267, 266, 263, 260, 256, 253, 254, 257, 259, 264, 265, 314, 271, 272, 279, 278, 283, 284, 290, 289, 285, 282, 281, 286, 288, 293, 292, 291, 287, 280, 277, 273, 276, 169, 165, 164, 268, 258, 249, 313, 242, 245, 246, 317, 269, 270, 274, 275, 296, 297, 303, 304, 309, 308, 307, 302, 300, 301, 305, 306, 310, 311, 204, 199, 198, 192, 191, 294, 295, 298, 299, 170, 194, 193, 190, 189, 86, 87, 195, 196, 200, 201, 206, 205, 99, 94, 93, 98, 97, 92, 85, 78, 76, 71, 83, 82, 81, 77, 70, 67, 66, 63, 72, 75, 79, 68, 73, 74, 80, 88, 89, 69, 61, 104, 56, 53, 50, 46, 43, 40, 42, 45, 51, 52, 57, 41, 36, 35, 103, 44, 47, 49, 54, 55, 48, 315, 316, 58, 39, 32, 84, 90, 91, 95, 96, 100, 101, 197, 202, 203, 62, 2]
Cost = 53128
Time Elapsed (seconds) = 758.617999792
-----------
Permutation = [0, 1, 5, 6, 9, 10, 14, 102, 20, 21, 28, 31, 30, 29, 27, 22, 19, 11, 18, 23, 26, 15, 17, 24, 25, 16, 8, 7, 4, 3, 110, 111, 114, 115, 119, 207, 125, 126, 133, 134, 135, 136, 137, 132, 127, 124, 131, 128, 123, 120, 122, 129, 130, 121, 113, 112, 116, 107, 105, 106, 12, 13, 33, 34, 38, 37, 144, 149, 152, 154, 159, 160, 163, 209, 161, 158, 155, 151, 148, 145, 147, 150, 156, 157, 162, 166, 167, 174, 173, 178, 179, 185, 184, 180, 177, 176, 181, 183, 188, 187, 186, 182, 175, 172, 168, 171, 64, 65, 60, 59, 153, 208, 140, 141, 146, 143, 142, 139, 138, 241, 240, 239, 238, 231, 230, 312, 232, 237, 229, 233, 236, 235, 234, 227, 226, 225, 228, 221, 224, 220, 219, 216, 215, 211, 210, 108, 109, 118, 117, 212, 217, 218, 214, 213, 222, 223, 243, 244, 247, 248, 251, 250, 252, 255, 261, 262, 267, 266, 263, 260, 256, 253, 254, 257, 259, 264, 265, 314, 271, 272, 279, 278, 283, 284, 290, 289, 285, 282, 281, 286, 288, 293, 292, 291, 287, 280, 277, 273, 276, 169, 165, 164, 268, 258, 249, 313, 242, 245, 246, 317, 269, 270, 274, 275, 296, 297, 303, 304, 309, 308, 307, 302, 300, 301, 305, 306, 310, 311, 204, 199, 198, 192, 191, 294, 295, 298, 299, 170, 194, 193, 190, 189, 86, 87, 195, 196, 200, 201, 206, 205, 99, 94, 93, 98, 97, 92, 85, 78, 76, 71, 83, 82, 81, 77, 70, 67, 66, 63, 72, 75, 79, 68, 73, 74, 80, 88, 89, 69, 61, 104, 56, 53, 50, 46, 43, 40, 42, 45, 51, 52, 57, 41, 36, 35, 103, 44, 47, 49, 54, 55, 48, 315, 316, 58, 39, 32, 84, 90, 91, 95, 96, 100, 101, 202, 203, 197, 62, 2]
Cost = 53097
Time Elapsed (seconds) = 758.900999784
-----------
Permutation = [0, 1, 5, 6, 9, 10, 14, 102, 20, 21, 28, 31, 30, 29, 27, 22, 19, 11, 18, 23, 26, 15, 17, 24, 25, 16, 8, 7, 4, 3, 110, 111, 114, 115, 119, 207, 125, 126, 133, 134, 135, 136, 137, 132, 127, 124, 131, 128, 123, 120, 122, 129, 130, 121, 113, 112, 116, 107, 105, 106, 12, 13, 33, 34, 38, 37, 144, 149, 152, 154, 159, 160, 163, 209, 161, 158, 155, 151, 148, 145, 147, 150, 156, 157, 162, 166, 167, 174, 173, 178, 179, 185, 184, 180, 177, 176, 181, 183, 188, 187, 186, 182, 175, 172, 168, 171, 64, 65, 60, 59, 153, 208, 140, 141, 146, 143, 142, 139, 138, 241, 240, 239, 238, 231, 230, 312, 232, 237, 229, 233, 236, 235, 234, 227, 226, 225, 228, 221, 224, 220, 219, 216, 215, 211, 210, 108, 109, 118, 117, 212, 217, 218, 214, 213, 222, 223, 243, 244, 247, 248, 251, 250, 252, 255, 261, 262, 267, 266, 263, 260, 256, 253, 254, 257, 259, 264, 265, 314, 271, 272, 279, 278, 283, 284, 290, 289, 285, 282, 281, 286, 288, 293, 292, 291, 287, 280, 277, 273, 276, 169, 165, 164, 268, 258, 249, 313, 242, 245, 246, 317, 269, 270, 274, 275, 296, 297, 303, 304, 309, 308, 307, 302, 300, 301, 305, 306, 310, 311, 204, 199, 198, 192, 191, 294, 295, 298, 299, 170, 194, 193, 190, 189, 86, 87, 195, 196, 200, 201, 206, 205, 99, 94, 93, 98, 97, 92, 85, 78, 76, 71, 83, 82, 81, 77, 70, 67, 66, 63, 72, 75, 79, 68, 73, 74, 80, 88, 89, 69, 61, 104, 56, 53, 50, 46, 43, 40, 42, 45, 51, 52, 57, 41, 36, 35, 103, 44, 47, 49, 54, 55, 48, 315, 316, 58, 39, 84, 90, 91, 95, 96, 100, 101, 197, 202, 203, 62, 32, 2]
Cost = 52271
Time Elapsed (seconds) = 760.001999855
-----------
Permutation = [0, 1, 5, 6, 9, 10, 14, 102, 20, 21, 28, 31, 30, 29, 27, 22, 19, 11, 18, 23, 26, 15, 17, 24, 25, 16, 8, 7, 4, 3, 110, 111, 114, 115, 119, 207, 125, 126, 133, 134, 135, 136, 137, 132, 127, 124, 131, 128, 123, 120, 122, 129, 130, 121, 113, 112, 116, 107, 105, 106, 12, 13, 33, 34, 38, 37, 144, 149, 152, 154, 159, 160, 163, 209, 161, 158, 155, 151, 148, 145, 147, 150, 156, 157, 162, 166, 167, 174, 173, 178, 179, 185, 184, 180, 177, 176, 181, 183, 188, 187, 186, 182, 175, 172, 168, 171, 64, 65, 60, 59, 153, 208, 140, 141, 146, 143, 142, 139, 138, 241, 240, 239, 238, 231, 230, 312, 232, 237, 229, 233, 236, 235, 234, 227, 226, 225, 228, 221, 224, 220, 219, 216, 215, 211, 210, 108, 109, 118, 117, 212, 217, 218, 214, 213, 222, 223, 243, 244, 247, 248, 251, 250, 252, 255, 261, 262, 267, 266, 263, 260, 256, 253, 254, 257, 259, 264, 265, 314, 271, 272, 279, 278, 283, 284, 290, 289, 285, 282, 281, 286, 288, 293, 292, 291, 287, 280, 277, 273, 276, 169, 165, 164, 268, 258, 249, 313, 242, 245, 246, 317, 269, 270, 274, 275, 296, 297, 303, 304, 309, 308, 307, 302, 300, 301, 305, 306, 310, 311, 204, 199, 198, 192, 191, 294, 295, 298, 299, 170, 194, 193, 190, 189, 86, 87, 195, 196, 200, 201, 206, 205, 99, 94, 93, 98, 97, 92, 85, 78, 76, 71, 83, 82, 81, 77, 70, 67, 66, 63, 72, 75, 79, 68, 73, 74, 80, 88, 89, 69, 61, 104, 56, 53, 50, 46, 43, 40, 42, 45, 51, 52, 57, 41, 36, 35, 103, 44, 47, 49, 54, 55, 48, 315, 316, 58, 39, 84, 90, 91, 95, 96, 100, 101, 202, 203, 197, 62, 32, 2]
Cost = 52240
Time Elapsed (seconds) = 760.247999907
-----------
Permutation = [0, 1, 5, 6, 9, 10, 14, 102, 20, 21, 28, 31, 30, 29, 27, 22, 19, 11, 18, 23, 26, 15, 17, 24, 25, 16, 8, 7, 4, 3, 110, 111, 114, 115, 119, 207, 125, 126, 133, 134, 135, 136, 137, 132, 127, 124, 131, 128, 123, 120, 122, 129, 130, 121, 113, 112, 116, 107, 105, 106, 12, 13, 33, 34, 38, 37, 144, 149, 152, 154, 159, 160, 163, 209, 161, 158, 155, 151, 148, 145, 147, 150, 156, 157, 162, 166, 167, 174, 173, 178, 179, 185, 184, 180, 177, 176, 181, 183, 188, 187, 186, 182, 175, 172, 168, 171, 64, 65, 60, 59, 153, 208, 140, 141, 146, 143, 142, 139, 138, 241, 240, 239, 238, 231, 230, 312, 232, 237, 229, 233, 236, 235, 234, 227, 226, 225, 228, 221, 224, 220, 219, 216, 215, 211, 210, 108, 109, 118, 117, 212, 217, 218, 214, 213, 222, 223, 243, 244, 247, 248, 251, 250, 252, 255, 261, 262, 267, 266, 263, 260, 256, 253, 254, 257, 259, 264, 265, 314, 271, 272, 279, 278, 283, 284, 290, 289, 285, 282, 281, 286, 288, 293, 292, 291, 287, 280, 277, 273, 276, 169, 165, 164, 268, 258, 249, 313, 242, 245, 246, 317, 269, 270, 274, 275, 296, 297, 303, 304, 309, 308, 307, 302, 300, 301, 305, 306, 310, 311, 204, 199, 198, 192, 191, 294, 295, 298, 299, 170, 194, 193, 190, 189, 86, 87, 195, 196, 200, 201, 206, 205, 99, 94, 93, 98, 97, 92, 85, 78, 76, 71, 83, 82, 81, 77, 70, 67, 66, 63, 72, 75, 79, 68, 73, 74, 80, 88, 89, 69, 61, 104, 56, 53, 50, 46, 43, 40, 42, 45, 51, 52, 57, 41, 36, 35, 103, 44, 47, 49, 54, 55, 48, 315, 316, 58, 84, 90, 91, 95, 96, 100, 101, 197, 202, 203, 62, 39, 32, 2]
Cost = 51517
Time Elapsed (seconds) = 761.519999981
-----------
Permutation = [0, 1, 5, 6, 9, 10, 14, 102, 20, 21, 28, 31, 30, 29, 27, 22, 19, 11, 18, 23, 26, 15, 17, 24, 25, 16, 8, 7, 4, 3, 110, 111, 114, 115, 119, 207, 125, 126, 133, 134, 135, 136, 137, 132, 127, 124, 131, 128, 123, 120, 122, 129, 130, 121, 113, 112, 116, 107, 105, 106, 12, 13, 33, 34, 38, 37, 144, 149, 152, 154, 159, 160, 163, 209, 161, 158, 155, 151, 148, 145, 147, 150, 156, 157, 162, 166, 167, 174, 173, 178, 179, 185, 184, 180, 177, 176, 181, 183, 188, 187, 186, 182, 175, 172, 168, 171, 64, 65, 60, 59, 153, 208, 140, 141, 146, 143, 142, 139, 138, 241, 240, 239, 238, 231, 230, 312, 232, 237, 229, 233, 236, 235, 234, 227, 226, 225, 228, 221, 224, 220, 219, 216, 215, 211, 210, 108, 109, 118, 117, 212, 217, 218, 214, 213, 222, 223, 243, 244, 247, 248, 251, 250, 252, 255, 261, 262, 267, 266, 263, 260, 256, 253, 254, 257, 259, 264, 265, 314, 271, 272, 279, 278, 283, 284, 290, 289, 285, 282, 281, 286, 288, 293, 292, 291, 287, 280, 277, 273, 276, 169, 165, 164, 268, 258, 249, 313, 242, 245, 246, 317, 269, 270, 274, 275, 296, 297, 303, 304, 309, 308, 307, 302, 300, 301, 305, 306, 310, 311, 204, 199, 198, 192, 191, 294, 295, 298, 299, 170, 194, 193, 190, 189, 86, 87, 195, 196, 200, 201, 206, 205, 99, 94, 93, 98, 97, 92, 85, 78, 76, 71, 83, 82, 81, 77, 70, 67, 66, 63, 72, 75, 79, 68, 73, 74, 80, 88, 89, 69, 61, 104, 56, 53, 50, 46, 43, 40, 42, 45, 51, 52, 57, 41, 36, 35, 103, 44, 47, 49, 54, 55, 48, 315, 316, 58, 84, 90, 91, 95, 96, 100, 101, 202, 203, 197, 62, 39, 32, 2]
Cost = 51486
Time Elapsed (seconds) = 761.751999855
-----------
Permutation = [0, 1, 5, 6, 9, 10, 14, 102, 20, 21, 28, 31, 30, 29, 27, 22, 19, 11, 18, 23, 26, 15, 17, 24, 25, 16, 8, 7, 4, 3, 110, 111, 114, 115, 119, 207, 125, 126, 133, 134, 135, 136, 137, 132, 127, 124, 131, 128, 123, 120, 122, 129, 130, 121, 113, 112, 116, 107, 105, 106, 12, 13, 33, 34, 38, 37, 144, 149, 152, 154, 159, 160, 163, 209, 161, 158, 155, 151, 148, 145, 147, 150, 156, 157, 162, 166, 167, 174, 173, 178, 179, 185, 184, 180, 177, 176, 181, 183, 188, 187, 186, 182, 175, 172, 168, 171, 64, 65, 60, 59, 153, 208, 140, 141, 146, 143, 142, 139, 138, 241, 240, 239, 238, 231, 230, 312, 232, 237, 229, 233, 236, 235, 234, 227, 226, 225, 228, 221, 224, 220, 219, 216, 215, 211, 210, 108, 109, 118, 117, 212, 217, 218, 214, 213, 222, 223, 243, 244, 247, 248, 251, 250, 252, 255, 261, 262, 267, 266, 263, 260, 256, 253, 254, 257, 259, 264, 265, 314, 271, 272, 279, 278, 283, 284, 290, 289, 285, 282, 281, 286, 288, 293, 292, 291, 287, 280, 277, 273, 276, 169, 165, 164, 268, 258, 249, 313, 242, 245, 246, 317, 269, 270, 274, 275, 296, 297, 303, 304, 309, 308, 307, 302, 300, 301, 305, 306, 310, 311, 204, 199, 198, 192, 191, 294, 295, 298, 299, 170, 194, 193, 190, 189, 86, 87, 195, 196, 200, 201, 206, 205, 99, 94, 93, 98, 97, 92, 85, 78, 76, 71, 83, 82, 81, 77, 70, 67, 66, 63, 72, 75, 79, 68, 73, 74, 80, 88, 89, 69, 61, 104, 56, 53, 50, 46, 43, 40, 42, 45, 51, 52, 57, 41, 36, 35, 103, 44, 47, 49, 54, 55, 48, 62, 197, 203, 202, 101, 100, 96, 95, 91, 90, 84, 58, 316, 315, 39, 32, 2]
Cost = 51471
Time Elapsed (seconds) = 784.849999905
-----------
Permutation = [0, 1, 5, 6, 9, 10, 14, 102, 20, 21, 28, 31, 30, 29, 27, 22, 19, 11, 18, 23, 26, 15, 17, 24, 25, 16, 8, 7, 4, 3, 110, 111, 114, 115, 119, 207, 125, 126, 133, 134, 135, 136, 137, 132, 127, 124, 131, 128, 123, 120, 122, 129, 130, 121, 113, 112, 116, 107, 105, 106, 12, 13, 33, 34, 38, 37, 144, 149, 152, 154, 159, 160, 163, 209, 161, 158, 155, 151, 148, 145, 147, 150, 156, 157, 162, 166, 167, 174, 173, 178, 179, 185, 184, 180, 177, 176, 181, 183, 188, 187, 186, 182, 175, 172, 168, 171, 64, 65, 60, 59, 153, 208, 140, 141, 146, 143, 142, 139, 138, 241, 240, 239, 238, 231, 230, 312, 232, 237, 229, 233, 236, 235, 234, 227, 226, 225, 228, 221, 224, 220, 219, 216, 215, 211, 210, 108, 109, 118, 117, 212, 217, 218, 214, 213, 222, 223, 243, 244, 247, 248, 251, 250, 252, 255, 261, 262, 267, 266, 263, 260, 256, 253, 254, 257, 259, 264, 265, 314, 271, 272, 279, 278, 283, 284, 290, 289, 285, 282, 281, 286, 288, 293, 292, 291, 287, 280, 277, 273, 276, 169, 165, 164, 268, 258, 249, 313, 242, 245, 246, 317, 269, 270, 274, 275, 296, 297, 303, 304, 309, 308, 307, 302, 300, 301, 305, 306, 310, 311, 204, 199, 198, 192, 191, 294, 295, 298, 299, 170, 194, 193, 190, 189, 86, 87, 195, 196, 200, 201, 206, 205, 99, 94, 93, 98, 97, 92, 85, 78, 76, 71, 83, 82, 81, 77, 70, 67, 66, 63, 72, 75, 79, 68, 73, 74, 80, 88, 89, 69, 61, 104, 56, 53, 50, 46, 43, 40, 42, 45, 51, 52, 57, 41, 36, 35, 103, 44, 47, 49, 54, 55, 58, 84, 90, 91, 95, 96, 100, 101, 197, 202, 203, 62, 48, 316, 315, 39, 32, 2]
Cost = 51335
Time Elapsed (seconds) = 817.848999977
-----------
Permutation = [0, 1, 5, 6, 9, 10, 14, 102, 20, 21, 28, 31, 30, 29, 27, 22, 19, 11, 18, 23, 26, 15, 17, 24, 25, 16, 8, 7, 4, 3, 110, 111, 114, 115, 119, 207, 125, 126, 133, 134, 135, 136, 137, 132, 127, 124, 131, 128, 123, 120, 122, 129, 130, 121, 113, 112, 116, 107, 105, 106, 12, 13, 33, 34, 38, 37, 144, 149, 152, 154, 159, 160, 163, 209, 161, 158, 155, 151, 148, 145, 147, 150, 156, 157, 162, 166, 167, 174, 173, 178, 179, 185, 184, 180, 177, 176, 181, 183, 188, 187, 186, 182, 175, 172, 168, 171, 64, 65, 60, 59, 153, 208, 140, 141, 146, 143, 142, 139, 138, 241, 240, 239, 238, 231, 230, 312, 232, 237, 229, 233, 236, 235, 234, 227, 226, 225, 228, 221, 224, 220, 219, 216, 215, 211, 210, 108, 109, 118, 117, 212, 217, 218, 214, 213, 222, 223, 243, 244, 247, 248, 251, 250, 252, 255, 261, 262, 267, 266, 263, 260, 256, 253, 254, 257, 259, 264, 265, 314, 271, 272, 279, 278, 283, 284, 290, 289, 285, 282, 281, 286, 288, 293, 292, 291, 287, 280, 277, 273, 276, 169, 165, 164, 268, 258, 249, 313, 242, 245, 246, 317, 269, 270, 274, 275, 296, 297, 303, 304, 309, 308, 307, 302, 300, 301, 305, 306, 310, 311, 204, 199, 198, 192, 191, 294, 295, 298, 299, 170, 194, 193, 190, 189, 86, 87, 195, 196, 200, 201, 206, 205, 99, 94, 93, 98, 97, 92, 85, 78, 76, 71, 83, 82, 81, 77, 70, 67, 66, 63, 72, 75, 79, 68, 73, 74, 80, 88, 89, 69, 61, 104, 56, 53, 50, 46, 43, 40, 42, 45, 51, 52, 57, 41, 36, 35, 103, 44, 47, 49, 54, 55, 58, 84, 90, 91, 95, 96, 100, 101, 197, 202, 203, 62, 316, 315, 48, 39, 32, 2]
Cost = 51314
Time Elapsed (seconds) = 818.066999912
-----------
Permutation = [0, 1, 5, 6, 9, 10, 14, 102, 20, 21, 28, 31, 30, 29, 27, 22, 19, 11, 18, 23, 26, 15, 17, 24, 25, 16, 8, 7, 4, 3, 110, 111, 114, 115, 119, 207, 125, 126, 133, 134, 135, 136, 137, 132, 127, 124, 131, 128, 123, 120, 122, 129, 130, 121, 113, 112, 116, 107, 105, 106, 12, 13, 33, 34, 38, 37, 144, 149, 152, 154, 159, 160, 163, 209, 161, 158, 155, 151, 148, 145, 147, 150, 156, 157, 162, 166, 167, 174, 173, 178, 179, 185, 184, 180, 177, 176, 181, 183, 188, 187, 186, 182, 175, 172, 168, 171, 64, 65, 60, 59, 153, 208, 140, 141, 146, 143, 142, 139, 138, 241, 240, 239, 238, 231, 230, 312, 232, 237, 229, 233, 236, 235, 234, 227, 226, 225, 228, 221, 224, 220, 219, 216, 215, 211, 210, 108, 109, 118, 117, 212, 217, 218, 214, 213, 222, 223, 243, 244, 247, 248, 251, 250, 252, 255, 261, 262, 267, 266, 263, 260, 256, 253, 254, 257, 259, 264, 265, 314, 271, 272, 279, 278, 283, 284, 290, 289, 285, 282, 281, 286, 288, 293, 292, 291, 287, 280, 277, 273, 276, 169, 165, 164, 268, 258, 249, 313, 242, 245, 246, 317, 269, 270, 274, 275, 296, 297, 303, 304, 309, 308, 307, 302, 300, 301, 305, 306, 310, 311, 204, 199, 198, 192, 191, 294, 295, 298, 299, 170, 194, 193, 190, 189, 86, 87, 195, 196, 200, 201, 206, 205, 99, 94, 93, 98, 97, 92, 85, 78, 76, 71, 83, 82, 81, 77, 70, 67, 66, 63, 72, 75, 79, 68, 73, 74, 80, 88, 89, 69, 61, 104, 56, 53, 50, 46, 43, 40, 42, 45, 51, 52, 57, 41, 36, 35, 103, 44, 47, 49, 54, 55, 58, 84, 90, 91, 95, 96, 100, 101, 202, 203, 197, 62, 48, 316, 315, 39, 32, 2]
Cost = 51304
Time Elapsed (seconds) = 818.288999796
-----------
Permutation = [0, 1, 5, 6, 9, 10, 14, 102, 20, 21, 28, 31, 30, 29, 27, 22, 19, 11, 18, 23, 26, 15, 17, 24, 25, 16, 8, 7, 4, 3, 110, 111, 114, 115, 119, 207, 125, 126, 133, 134, 135, 136, 137, 132, 127, 124, 131, 128, 123, 120, 122, 129, 130, 121, 113, 112, 116, 107, 105, 106, 12, 13, 33, 34, 38, 37, 144, 149, 152, 154, 159, 160, 163, 209, 161, 158, 155, 151, 148, 145, 147, 150, 156, 157, 162, 166, 167, 174, 173, 178, 179, 185, 184, 180, 177, 176, 181, 183, 188, 187, 186, 182, 175, 172, 168, 171, 64, 65, 60, 59, 153, 208, 140, 141, 146, 143, 142, 139, 138, 241, 240, 239, 238, 231, 230, 312, 232, 237, 229, 233, 236, 235, 234, 227, 226, 225, 228, 221, 224, 220, 219, 216, 215, 211, 210, 108, 109, 118, 117, 212, 217, 218, 214, 213, 222, 223, 243, 244, 247, 248, 251, 250, 252, 255, 261, 262, 267, 266, 263, 260, 256, 253, 254, 257, 259, 264, 265, 314, 271, 272, 279, 278, 283, 284, 290, 289, 285, 282, 281, 286, 288, 293, 292, 291, 287, 280, 277, 273, 276, 169, 165, 164, 268, 258, 249, 313, 242, 245, 246, 317, 269, 270, 274, 275, 296, 297, 303, 304, 309, 308, 307, 302, 300, 301, 305, 306, 310, 311, 204, 199, 198, 192, 191, 294, 295, 298, 299, 170, 194, 193, 190, 189, 86, 87, 195, 196, 200, 201, 206, 205, 99, 94, 93, 98, 97, 92, 85, 78, 76, 71, 83, 82, 81, 77, 70, 67, 66, 63, 72, 75, 79, 68, 73, 74, 80, 88, 89, 69, 61, 104, 56, 53, 50, 46, 43, 40, 42, 45, 51, 52, 57, 41, 36, 35, 103, 44, 47, 49, 54, 55, 58, 84, 90, 91, 95, 96, 100, 101, 202, 203, 197, 62, 316, 315, 48, 39, 32, 2]
Cost = 51283
Time Elapsed (seconds) = 818.513999939
-----------
Permutation = [0, 1, 5, 6, 9, 10, 14, 102, 20, 21, 28, 31, 30, 29, 27, 22, 19, 11, 18, 23, 26, 15, 17, 24, 25, 16, 8, 7, 4, 3, 110, 111, 114, 115, 119, 207, 125, 126, 133, 134, 135, 136, 137, 132, 127, 124, 131, 128, 123, 120, 122, 129, 130, 121, 113, 112, 116, 107, 105, 106, 12, 13, 33, 34, 38, 37, 144, 149, 152, 154, 159, 160, 163, 209, 161, 158, 155, 151, 148, 145, 147, 150, 156, 157, 162, 166, 167, 174, 173, 178, 179, 185, 184, 180, 177, 176, 181, 183, 188, 187, 186, 182, 175, 172, 168, 171, 64, 65, 60, 59, 153, 208, 140, 141, 146, 143, 142, 139, 138, 241, 240, 239, 238, 231, 230, 312, 232, 237, 229, 233, 236, 235, 234, 227, 226, 225, 228, 221, 224, 220, 219, 216, 215, 211, 210, 108, 109, 118, 117, 212, 217, 218, 214, 213, 222, 223, 243, 244, 247, 248, 251, 250, 252, 255, 261, 262, 267, 266, 263, 260, 256, 253, 254, 257, 259, 264, 265, 314, 271, 272, 279, 278, 283, 284, 290, 289, 285, 282, 281, 286, 288, 293, 292, 291, 287, 280, 277, 273, 276, 169, 165, 164, 268, 258, 249, 313, 242, 245, 246, 317, 269, 270, 274, 275, 296, 297, 303, 304, 309, 308, 307, 302, 300, 301, 305, 306, 310, 311, 204, 199, 198, 192, 191, 294, 295, 298, 299, 170, 194, 193, 190, 189, 86, 87, 195, 196, 200, 201, 206, 205, 99, 94, 93, 98, 97, 92, 85, 78, 76, 71, 83, 82, 81, 77, 70, 67, 66, 63, 72, 75, 79, 68, 73, 74, 80, 88, 89, 69, 61, 104, 56, 53, 50, 46, 43, 40, 42, 45, 51, 52, 57, 41, 36, 35, 103, 44, 47, 49, 54, 55, 58, 62, 197, 203, 202, 101, 100, 96, 95, 91, 90, 84, 316, 315, 48, 39, 32, 2]
Cost = 51202
Time Elapsed (seconds) = 822.194000006
-----------
Permutation = [0, 1, 5, 6, 9, 10, 14, 102, 20, 21, 28, 31, 30, 29, 27, 22, 19, 11, 18, 23, 26, 15, 17, 24, 25, 16, 8, 7, 4, 3, 110, 111, 114, 115, 119, 207, 125, 126, 133, 134, 135, 136, 137, 132, 127, 124, 131, 128, 123, 120, 122, 129, 130, 121, 113, 112, 116, 107, 105, 106, 12, 13, 33, 34, 38, 37, 144, 149, 152, 154, 159, 160, 163, 209, 161, 158, 155, 151, 148, 145, 147, 150, 156, 157, 162, 166, 167, 174, 173, 178, 179, 185, 184, 180, 177, 176, 181, 183, 188, 187, 186, 182, 175, 172, 168, 171, 64, 65, 60, 59, 153, 208, 140, 141, 146, 143, 142, 139, 138, 241, 240, 239, 238, 231, 230, 312, 232, 237, 229, 233, 236, 235, 234, 227, 226, 225, 228, 221, 224, 220, 219, 216, 215, 211, 210, 108, 109, 118, 117, 212, 217, 218, 214, 213, 222, 223, 243, 244, 247, 248, 251, 250, 252, 255, 261, 262, 267, 266, 263, 260, 256, 253, 254, 257, 259, 264, 265, 314, 271, 272, 279, 278, 283, 284, 290, 289, 285, 282, 281, 286, 288, 293, 292, 291, 287, 280, 277, 273, 276, 169, 165, 164, 268, 258, 249, 313, 242, 245, 246, 317, 269, 270, 274, 275, 296, 297, 303, 304, 309, 308, 307, 302, 300, 301, 305, 306, 310, 311, 204, 199, 198, 192, 191, 294, 295, 298, 299, 170, 194, 193, 190, 189, 86, 87, 195, 196, 200, 201, 206, 205, 99, 94, 93, 98, 97, 92, 85, 78, 76, 71, 83, 82, 81, 77, 70, 67, 66, 63, 72, 75, 79, 68, 73, 74, 80, 88, 89, 69, 61, 104, 56, 53, 50, 46, 43, 40, 42, 45, 51, 52, 57, 41, 36, 35, 103, 44, 47, 49, 54, 55, 62, 197, 203, 202, 101, 100, 96, 95, 91, 90, 84, 58, 316, 315, 48, 39, 32, 2]
Cost = 51105
Time Elapsed (seconds) = 832.672999859
Timeout: 1 hour executing
