BEST PERMUTATIONS FOUND SO FAR
-----------
Permutation = [0, 15, 12, 11, 5, 6, 13, 4, 14, 9, 2, 1, 3, 7, 8, 10]
Cost = 100
-----------
Permutation = [0, 15, 12, 11, 5, 6, 13, 4, 14, 9, 8, 10, 7, 3, 1, 2]
Cost = 85
-----------
Permutation = [0, 15, 12, 11, 5, 6, 13, 4, 14, 8, 10, 9, 7, 3, 1, 2]
Cost = 84
-----------
Permutation = [0, 15, 12, 11, 5, 6, 13, 4, 14, 10, 8, 9, 7, 3, 1, 2]
Cost = 81
-----------
Permutation = [0, 15, 12, 11, 5, 6, 13, 4, 10, 8, 9, 14, 7, 3, 1, 2]
Cost = 77
-----------
Permutation = [0, 15, 12, 11, 5, 6, 13, 9, 8, 10, 4, 14, 7, 3, 1, 2]
Cost = 73
-----------
Permutation = [0, 15, 12, 11, 5, 6, 9, 8, 10, 4, 14, 13, 7, 3, 1, 2]
Cost = 71
