BEST PERMUTATIONS FOUND SO FAR
-----------
Permutation = [0, 7, 37, 8, 14, 11, 10, 22, 2, 21, 15, 39, 32, 45, 43, 17, 6, 35, 27, 5, 29, 36, 18, 26, 42, 16, 19, 46, 12, 24, 13, 33, 28, 4, 47, 38, 31, 20, 40, 1, 25, 3, 9, 23, 34, 44, 41, 30]
Cost = 47031
Time Elapsed (seconds) = 6.33100008965
-----------
Permutation = [0, 7, 37, 8, 14, 11, 10, 22, 2, 21, 15, 39, 32, 45, 43, 17, 6, 35, 27, 5, 29, 36, 18, 26, 42, 16, 19, 46, 12, 24, 13, 33, 28, 4, 47, 38, 31, 20, 40, 1, 25, 3, 9, 23, 44, 34, 41, 30]
Cost = 46740
Time Elapsed (seconds) = 6.42000007629
-----------
Permutation = [0, 7, 37, 8, 14, 11, 10, 22, 2, 21, 15, 39, 32, 45, 43, 17, 6, 35, 27, 5, 29, 36, 18, 26, 42, 16, 19, 46, 12, 24, 13, 33, 28, 4, 47, 38, 31, 20, 40, 1, 25, 3, 9, 34, 44, 23, 41, 30]
Cost = 46192
Time Elapsed (seconds) = 6.50999999046
-----------
Permutation = [0, 7, 37, 8, 14, 11, 10, 22, 2, 21, 15, 39, 32, 45, 43, 17, 6, 35, 27, 5, 29, 36, 18, 26, 42, 16, 19, 46, 12, 24, 13, 33, 28, 4, 47, 38, 31, 20, 40, 1, 25, 3, 34, 44, 9, 23, 41, 30]
Cost = 45675
Time Elapsed (seconds) = 6.59400010109
-----------
Permutation = [0, 7, 37, 8, 14, 11, 10, 22, 2, 21, 15, 39, 32, 45, 43, 17, 6, 35, 27, 5, 29, 36, 18, 26, 42, 16, 19, 46, 12, 24, 13, 33, 28, 4, 47, 38, 31, 20, 40, 1, 41, 25, 3, 34, 44, 9, 23, 30]
Cost = 45658
Time Elapsed (seconds) = 6.70700001717
-----------
Permutation = [0, 7, 37, 8, 14, 11, 10, 22, 2, 21, 15, 39, 32, 45, 43, 17, 6, 35, 27, 5, 29, 36, 18, 26, 42, 16, 19, 46, 12, 24, 13, 33, 28, 4, 47, 38, 31, 20, 41, 1, 3, 25, 34, 44, 9, 23, 40, 30]
Cost = 45432
Time Elapsed (seconds) = 7.13700008392
-----------
Permutation = [0, 7, 37, 8, 14, 11, 10, 22, 2, 21, 15, 39, 32, 45, 43, 17, 6, 35, 27, 5, 29, 36, 18, 26, 42, 16, 19, 46, 12, 24, 13, 33, 28, 4, 47, 38, 31, 20, 41, 1, 25, 3, 34, 44, 9, 23, 40, 30]
Cost = 45321
Time Elapsed (seconds) = 7.23300004005
-----------
Permutation = [0, 7, 37, 8, 14, 11, 10, 22, 2, 21, 15, 39, 32, 45, 43, 17, 6, 35, 27, 5, 29, 36, 18, 26, 42, 16, 19, 46, 12, 24, 13, 33, 28, 4, 47, 38, 31, 20, 41, 9, 23, 44, 34, 3, 25, 1, 40, 30]
Cost = 43496
Time Elapsed (seconds) = 7.37599992752
-----------
Permutation = [0, 7, 37, 8, 14, 11, 10, 22, 2, 21, 15, 39, 32, 45, 43, 17, 6, 35, 27, 5, 29, 36, 18, 26, 42, 16, 19, 46, 12, 24, 13, 33, 28, 4, 47, 38, 31, 20, 41, 23, 9, 44, 34, 3, 25, 1, 40, 30]
Cost = 43472
Time Elapsed (seconds) = 7.5529999733
-----------
Permutation = [0, 7, 37, 8, 14, 11, 10, 22, 2, 21, 15, 39, 32, 45, 43, 17, 6, 35, 27, 5, 29, 36, 18, 26, 42, 16, 19, 46, 12, 24, 13, 33, 28, 4, 47, 38, 31, 20, 23, 9, 34, 44, 3, 25, 41, 1, 40, 30]
Cost = 43358
Time Elapsed (seconds) = 8.125
-----------
Permutation = [0, 7, 37, 8, 14, 11, 10, 22, 2, 21, 15, 39, 32, 45, 43, 17, 6, 35, 27, 5, 29, 36, 18, 26, 42, 16, 19, 46, 12, 24, 13, 33, 28, 4, 47, 38, 31, 20, 23, 9, 44, 34, 25, 3, 41, 1, 40, 30]
Cost = 43340
Time Elapsed (seconds) = 8.21799993515
-----------
Permutation = [0, 7, 37, 8, 14, 11, 10, 22, 2, 21, 15, 39, 32, 45, 43, 17, 6, 35, 27, 5, 29, 36, 18, 26, 42, 16, 19, 46, 12, 24, 13, 33, 28, 4, 47, 38, 31, 20, 23, 9, 44, 34, 3, 25, 41, 1, 40, 30]
Cost = 43074
Time Elapsed (seconds) = 8.30500006676
-----------
Permutation = [0, 7, 37, 8, 14, 11, 10, 22, 2, 21, 15, 39, 32, 45, 43, 17, 6, 35, 27, 5, 29, 36, 18, 26, 42, 16, 19, 46, 12, 24, 13, 33, 28, 4, 47, 38, 20, 31, 23, 9, 34, 44, 25, 3, 41, 1, 40, 30]
Cost = 42984
Time Elapsed (seconds) = 18.3410000801
-----------
Permutation = [0, 7, 37, 8, 14, 11, 10, 22, 2, 21, 15, 39, 32, 45, 43, 17, 6, 35, 27, 5, 29, 36, 18, 26, 42, 16, 19, 46, 12, 24, 13, 33, 28, 4, 47, 38, 20, 31, 23, 9, 34, 44, 3, 25, 41, 1, 40, 30]
Cost = 42744
Time Elapsed (seconds) = 18.4260001183
-----------
Permutation = [0, 7, 37, 8, 14, 11, 10, 22, 2, 21, 15, 39, 32, 45, 43, 17, 6, 35, 27, 5, 29, 36, 18, 26, 42, 16, 19, 46, 12, 24, 13, 33, 28, 4, 47, 38, 20, 31, 23, 9, 44, 34, 25, 3, 41, 1, 40, 30]
Cost = 42726
Time Elapsed (seconds) = 18.5199999809
-----------
Permutation = [0, 7, 37, 8, 14, 11, 10, 22, 2, 21, 15, 39, 32, 45, 43, 17, 6, 35, 27, 5, 29, 36, 18, 26, 42, 16, 19, 46, 12, 24, 13, 33, 28, 4, 47, 38, 20, 31, 23, 9, 44, 34, 3, 25, 41, 1, 40, 30]
Cost = 42460
Time Elapsed (seconds) = 18.6050000191
Timeout: 1 hour executing
