BEST PERMUTATIONS FOUND SO FAR
-----------
Permutation = [0, 21, 31, 48, 35, 34, 33, 36, 39, 37, 23, 47, 4, 14, 5, 38, 45, 15, 49, 19, 22, 30, 17, 18, 40, 7, 44, 2, 16, 20, 29, 28, 24, 3, 42, 9, 8, 32, 11, 27, 25, 26, 46, 12, 13, 51, 50, 10, 43, 41, 6, 1]
Cost = 10700
Time Elapsed (seconds) = 12.6210000515
-----------
Permutation = [0, 21, 31, 48, 35, 34, 33, 36, 39, 37, 23, 47, 4, 14, 5, 38, 45, 15, 49, 19, 22, 30, 17, 18, 40, 7, 44, 2, 16, 20, 29, 28, 24, 3, 42, 9, 8, 32, 11, 27, 25, 26, 46, 12, 13, 51, 50, 10, 43, 1, 6, 41]
Cost = 10694
Time Elapsed (seconds) = 12.7389998436
-----------
Permutation = [0, 21, 31, 48, 35, 34, 33, 36, 39, 37, 23, 47, 4, 14, 5, 38, 45, 15, 49, 19, 22, 30, 17, 18, 40, 7, 44, 2, 16, 20, 29, 28, 24, 3, 42, 9, 8, 32, 11, 27, 25, 26, 46, 12, 13, 51, 10, 50, 43, 41, 6, 1]
Cost = 10239
Time Elapsed (seconds) = 12.8680000305
-----------
Permutation = [0, 21, 31, 48, 35, 34, 33, 36, 39, 37, 23, 47, 4, 14, 5, 38, 45, 15, 49, 19, 22, 30, 17, 18, 40, 7, 44, 2, 16, 20, 29, 28, 24, 3, 42, 9, 8, 32, 11, 27, 25, 26, 46, 12, 13, 51, 10, 50, 43, 1, 6, 41]
Cost = 10233
Time Elapsed (seconds) = 12.9919998646
-----------
Permutation = [0, 21, 31, 48, 35, 34, 33, 36, 39, 37, 23, 47, 4, 14, 5, 38, 45, 15, 49, 19, 22, 30, 17, 18, 40, 7, 44, 2, 16, 20, 29, 28, 24, 3, 42, 9, 8, 32, 11, 27, 25, 46, 26, 12, 13, 51, 10, 50, 43, 41, 6, 1]
Cost = 10160
Time Elapsed (seconds) = 14.5779998302
-----------
Permutation = [0, 21, 31, 48, 35, 34, 33, 36, 39, 37, 23, 47, 4, 14, 5, 38, 45, 15, 49, 19, 22, 30, 17, 18, 40, 7, 44, 2, 16, 20, 29, 28, 24, 3, 42, 9, 8, 32, 11, 27, 25, 46, 26, 12, 13, 51, 10, 50, 43, 1, 6, 41]
Cost = 10154
Time Elapsed (seconds) = 14.7059998512
-----------
Permutation = [0, 21, 31, 48, 35, 34, 33, 36, 39, 37, 23, 47, 4, 14, 5, 38, 45, 15, 49, 19, 22, 30, 17, 18, 40, 7, 44, 2, 16, 20, 29, 28, 24, 3, 42, 9, 8, 32, 11, 27, 26, 25, 46, 12, 13, 51, 10, 50, 43, 41, 6, 1]
Cost = 10084
Time Elapsed (seconds) = 21.368999958
-----------
Permutation = [0, 21, 31, 48, 35, 34, 33, 36, 39, 37, 23, 47, 4, 14, 5, 38, 45, 15, 49, 19, 22, 30, 17, 18, 40, 7, 44, 2, 16, 20, 29, 28, 24, 3, 42, 9, 8, 32, 11, 27, 26, 25, 46, 12, 13, 51, 10, 50, 43, 1, 6, 41]
Cost = 10078
Time Elapsed (seconds) = 21.501999855
-----------
Permutation = [0, 21, 31, 48, 35, 34, 33, 36, 39, 37, 23, 47, 4, 14, 5, 38, 45, 15, 49, 19, 22, 30, 17, 18, 40, 7, 44, 2, 16, 20, 29, 28, 24, 3, 42, 9, 8, 32, 11, 50, 10, 51, 12, 13, 46, 25, 26, 27, 43, 41, 6, 1]
Cost = 9972
Time Elapsed (seconds) = 120.016000032
-----------
Permutation = [0, 21, 31, 48, 35, 34, 33, 36, 39, 37, 23, 47, 4, 14, 5, 38, 45, 15, 49, 19, 22, 30, 17, 18, 40, 7, 44, 2, 16, 20, 29, 28, 24, 3, 42, 9, 8, 32, 11, 50, 10, 51, 12, 13, 46, 25, 26, 27, 43, 1, 6, 41]
Cost = 9966
Time Elapsed (seconds) = 120.236999989
-----------
Permutation = [0, 21, 31, 48, 35, 34, 33, 36, 39, 37, 23, 47, 4, 14, 5, 38, 45, 15, 49, 19, 22, 30, 17, 18, 40, 7, 44, 2, 16, 20, 29, 28, 24, 3, 42, 9, 8, 32, 11, 50, 10, 51, 13, 12, 26, 27, 25, 46, 1, 6, 41, 43]
Cost = 9945
Time Elapsed (seconds) = 120.983999968
-----------
Permutation = [0, 21, 31, 48, 35, 34, 33, 36, 39, 37, 23, 47, 4, 14, 5, 38, 45, 15, 49, 19, 22, 30, 17, 18, 40, 7, 44, 2, 16, 20, 29, 28, 24, 3, 42, 9, 8, 32, 11, 50, 10, 51, 13, 12, 26, 27, 25, 46, 43, 1, 6, 41]
Cost = 9940
Time Elapsed (seconds) = 121.17599988
-----------
Permutation = [0, 21, 31, 48, 35, 34, 33, 36, 39, 37, 23, 47, 4, 14, 5, 38, 45, 15, 49, 19, 22, 30, 17, 18, 40, 7, 44, 2, 16, 20, 29, 28, 24, 3, 42, 9, 8, 32, 50, 11, 10, 51, 13, 12, 26, 27, 25, 46, 1, 6, 41, 43]
Cost = 9938
Time Elapsed (seconds) = 539.320999861
-----------
Permutation = [0, 21, 31, 48, 35, 34, 33, 36, 39, 37, 23, 47, 4, 14, 5, 38, 45, 15, 49, 19, 22, 30, 17, 18, 40, 7, 44, 2, 16, 20, 29, 28, 24, 3, 42, 9, 8, 32, 50, 11, 10, 51, 13, 12, 26, 27, 25, 46, 43, 1, 6, 41]
Cost = 9933
Time Elapsed (seconds) = 539.845000029
-----------
Permutation = [0, 21, 31, 48, 35, 34, 33, 36, 39, 37, 23, 47, 4, 14, 5, 38, 45, 15, 49, 19, 22, 30, 17, 18, 40, 7, 44, 2, 16, 20, 29, 28, 24, 3, 42, 9, 8, 32, 50, 10, 51, 12, 13, 46, 25, 26, 27, 11, 43, 41, 6, 1]
Cost = 9824
Time Elapsed (seconds) = 823.368000031
-----------
Permutation = [0, 21, 31, 48, 35, 34, 33, 36, 39, 37, 23, 47, 4, 14, 5, 38, 45, 15, 49, 19, 22, 30, 17, 18, 40, 7, 44, 2, 16, 20, 29, 28, 24, 3, 42, 9, 8, 32, 50, 10, 51, 12, 13, 46, 25, 26, 27, 11, 43, 1, 6, 41]
Cost = 9818
Time Elapsed (seconds) = 823.899999857
-----------
Permutation = [0, 21, 31, 48, 35, 34, 33, 36, 39, 37, 23, 47, 4, 14, 5, 38, 45, 15, 49, 19, 22, 30, 17, 18, 40, 7, 44, 2, 16, 20, 29, 28, 24, 3, 42, 9, 8, 32, 50, 10, 51, 13, 12, 46, 25, 26, 27, 11, 43, 1, 6, 41]
Cost = 9817
Time Elapsed (seconds) = 827.65199995
Timeout: 1 hour executing
