BEST PERMUTATIONS FOUND SO FAR
-----------
Permutation = [0, 26, 45, 50, 10, 31, 1, 2, 27, 30, 7, 25, 6, 22, 5, 47, 46, 11, 4, 37, 8, 49, 15, 28, 19, 34, 35, 20, 33, 29, 9, 48, 36, 16, 3, 17, 24, 13, 23, 42, 12, 40, 18, 41, 43, 44, 14, 32, 38, 39, 21]
Cost = 605
Time Elapsed (seconds) = 13.5110001564
-----------
Permutation = [0, 26, 45, 50, 10, 31, 1, 2, 27, 30, 7, 25, 6, 22, 5, 47, 46, 11, 4, 37, 8, 49, 15, 28, 19, 34, 35, 20, 33, 29, 9, 48, 36, 16, 3, 17, 24, 13, 23, 42, 12, 40, 18, 41, 43, 44, 14, 38, 32, 39, 21]
Cost = 602
Time Elapsed (seconds) = 13.6560001373
-----------
Permutation = [0, 26, 45, 50, 10, 31, 1, 2, 27, 30, 7, 25, 6, 22, 5, 47, 46, 11, 4, 37, 8, 49, 15, 28, 19, 34, 35, 20, 33, 29, 9, 48, 36, 16, 3, 17, 24, 13, 23, 42, 12, 40, 18, 41, 43, 44, 14, 39, 32, 38, 21]
Cost = 594
Time Elapsed (seconds) = 13.8040001392
-----------
Permutation = [0, 26, 45, 50, 10, 31, 1, 2, 27, 30, 7, 25, 6, 22, 5, 47, 46, 11, 4, 37, 8, 49, 15, 28, 19, 34, 35, 20, 33, 29, 9, 48, 36, 16, 3, 17, 24, 13, 23, 42, 12, 40, 18, 41, 43, 44, 39, 14, 32, 38, 21]
Cost = 592
Time Elapsed (seconds) = 13.9530000687
-----------
Permutation = [0, 26, 45, 50, 10, 31, 1, 2, 27, 30, 7, 25, 6, 22, 5, 47, 46, 11, 4, 37, 8, 49, 15, 28, 19, 34, 35, 20, 33, 29, 9, 48, 36, 16, 3, 17, 24, 13, 23, 42, 12, 40, 18, 41, 43, 14, 44, 39, 32, 38, 21]
Cost = 591
Time Elapsed (seconds) = 14.1040000916
-----------
Permutation = [0, 26, 45, 50, 10, 31, 1, 2, 27, 30, 7, 25, 6, 22, 5, 47, 46, 11, 4, 37, 8, 49, 15, 28, 19, 34, 35, 20, 33, 29, 9, 48, 36, 16, 3, 17, 24, 13, 23, 42, 12, 40, 18, 41, 43, 14, 39, 44, 32, 38, 21]
Cost = 583
Time Elapsed (seconds) = 14.2460000515
-----------
Permutation = [0, 26, 45, 50, 10, 31, 1, 2, 27, 30, 7, 25, 6, 22, 5, 47, 46, 11, 4, 37, 8, 49, 15, 28, 19, 34, 35, 20, 33, 29, 9, 48, 36, 16, 3, 17, 24, 13, 23, 42, 12, 40, 18, 41, 43, 39, 14, 44, 32, 38, 21]
Cost = 577
Time Elapsed (seconds) = 14.3840000629
-----------
Permutation = [0, 26, 45, 50, 10, 31, 1, 2, 27, 30, 7, 25, 6, 22, 5, 47, 46, 11, 4, 37, 8, 49, 15, 28, 19, 34, 35, 20, 33, 29, 9, 48, 36, 16, 3, 17, 24, 13, 23, 42, 12, 40, 18, 41, 39, 43, 44, 14, 32, 38, 21]
Cost = 565
Time Elapsed (seconds) = 14.5360000134
-----------
Permutation = [0, 26, 45, 50, 10, 31, 1, 2, 27, 30, 7, 25, 6, 22, 5, 47, 46, 11, 4, 37, 8, 49, 15, 28, 19, 34, 35, 20, 33, 29, 9, 48, 36, 16, 3, 17, 24, 13, 23, 42, 12, 40, 18, 41, 39, 43, 14, 44, 32, 38, 21]
Cost = 556
Time Elapsed (seconds) = 14.7039999962
-----------
Permutation = [0, 26, 45, 50, 10, 31, 1, 2, 27, 30, 7, 25, 6, 22, 5, 47, 46, 11, 4, 37, 8, 49, 15, 28, 19, 34, 35, 20, 33, 29, 9, 48, 36, 16, 3, 17, 24, 13, 23, 42, 12, 40, 18, 39, 41, 43, 44, 14, 32, 38, 21]
Cost = 550
Time Elapsed (seconds) = 14.9079999924
-----------
Permutation = [0, 26, 45, 50, 10, 31, 1, 2, 27, 30, 7, 25, 6, 22, 5, 47, 46, 11, 4, 37, 8, 49, 15, 28, 19, 34, 35, 20, 33, 29, 9, 48, 36, 16, 3, 17, 24, 13, 23, 42, 12, 40, 18, 39, 41, 43, 14, 44, 32, 38, 21]
Cost = 541
Time Elapsed (seconds) = 15.0450000763
-----------
Permutation = [0, 26, 45, 50, 10, 31, 1, 2, 27, 30, 7, 25, 6, 22, 5, 47, 46, 11, 4, 37, 8, 49, 15, 28, 19, 34, 35, 20, 33, 29, 9, 48, 36, 16, 3, 17, 24, 23, 42, 13, 12, 40, 18, 39, 41, 43, 14, 44, 32, 38, 21]
Cost = 540
Time Elapsed (seconds) = 335.205000162
-----------
Permutation = [0, 26, 45, 50, 10, 31, 1, 2, 27, 30, 7, 25, 6, 22, 5, 47, 46, 11, 4, 37, 8, 49, 15, 28, 19, 34, 35, 20, 33, 29, 9, 48, 36, 16, 3, 17, 13, 23, 42, 24, 12, 40, 18, 39, 41, 43, 14, 44, 32, 38, 21]
Cost = 534
Time Elapsed (seconds) = 1726.95600009
Timeout: 1 hour executing
