BEST PERMUTATIONS FOUND SO FAR
-----------
Permutation = [0, 32, 72, 61, 27, 21, 41, 40, 42, 22, 15, 48, 23, 2, 43, 50, 5, 67, 1, 29, 47, 20, 46, 4, 28, 44, 3, 74, 75, 16, 39, 11, 25, 66, 45, 33, 51, 26, 73, 60, 63, 55, 31, 49, 17, 24, 8, 38, 71, 57, 9, 37, 6, 34, 7, 12, 56, 14, 36, 35, 70, 59, 69, 19, 68, 53, 18, 52, 10, 64, 65, 13, 58, 30, 54, 62]
Cost = 754
Time Elapsed (seconds) = 103.424999952
-----------
Permutation = [0, 32, 72, 61, 27, 21, 41, 40, 42, 22, 15, 48, 23, 2, 43, 50, 5, 67, 1, 29, 47, 20, 46, 4, 28, 44, 3, 74, 75, 16, 39, 11, 25, 66, 45, 33, 51, 26, 73, 60, 63, 55, 31, 49, 17, 24, 8, 38, 71, 57, 9, 37, 6, 34, 7, 12, 56, 14, 36, 35, 70, 59, 69, 19, 68, 53, 18, 52, 10, 64, 65, 58, 13, 30, 54, 62]
Cost = 748
Time Elapsed (seconds) = 103.608999968
-----------
Permutation = [0, 32, 72, 61, 27, 21, 41, 40, 42, 22, 15, 48, 23, 2, 43, 50, 5, 67, 1, 29, 47, 20, 46, 4, 28, 44, 3, 74, 75, 16, 39, 11, 25, 66, 45, 33, 51, 26, 73, 60, 63, 55, 31, 49, 17, 24, 8, 38, 71, 57, 9, 37, 6, 34, 7, 12, 56, 14, 36, 35, 70, 59, 69, 19, 68, 53, 18, 52, 10, 13, 58, 65, 64, 30, 54, 62]
Cost = 736
Time Elapsed (seconds) = 103.786000013
-----------
Permutation = [0, 32, 72, 61, 27, 21, 41, 40, 42, 22, 15, 48, 23, 2, 43, 50, 5, 67, 1, 29, 47, 20, 46, 4, 28, 44, 3, 74, 75, 16, 39, 11, 25, 66, 45, 33, 51, 26, 73, 60, 63, 55, 31, 49, 17, 24, 8, 38, 71, 57, 9, 37, 6, 34, 7, 12, 56, 14, 36, 35, 70, 59, 69, 19, 68, 53, 18, 52, 13, 58, 10, 65, 64, 30, 54, 62]
Cost = 731
Time Elapsed (seconds) = 103.980000019
-----------
Permutation = [0, 32, 72, 61, 27, 21, 41, 40, 42, 22, 15, 48, 23, 2, 43, 50, 5, 67, 1, 29, 47, 20, 46, 4, 28, 44, 3, 74, 75, 16, 39, 11, 25, 66, 45, 33, 51, 26, 73, 60, 63, 55, 31, 49, 17, 24, 8, 38, 71, 57, 9, 37, 6, 34, 7, 12, 56, 14, 36, 35, 70, 59, 69, 68, 19, 53, 18, 52, 13, 58, 10, 65, 64, 30, 54, 62]
Cost = 727
Time Elapsed (seconds) = 206.130000114
-----------
Permutation = [0, 32, 72, 61, 27, 21, 41, 40, 42, 22, 15, 48, 23, 2, 43, 50, 5, 67, 1, 29, 47, 20, 46, 4, 28, 44, 3, 74, 75, 16, 39, 11, 25, 66, 45, 33, 51, 26, 73, 60, 63, 55, 31, 49, 17, 24, 8, 38, 71, 57, 9, 37, 6, 34, 7, 12, 56, 14, 36, 35, 70, 59, 68, 69, 19, 53, 18, 52, 13, 58, 10, 65, 64, 30, 54, 62]
Cost = 724
Time Elapsed (seconds) = 593.363000154
-----------
Permutation = [0, 32, 72, 61, 27, 21, 41, 40, 42, 22, 15, 48, 23, 2, 43, 50, 5, 67, 1, 29, 47, 20, 46, 4, 28, 44, 3, 74, 75, 16, 39, 11, 25, 66, 45, 33, 51, 26, 73, 60, 63, 55, 31, 49, 17, 24, 8, 38, 71, 57, 9, 37, 6, 34, 7, 12, 56, 14, 36, 35, 70, 68, 59, 69, 19, 53, 18, 52, 13, 58, 10, 64, 65, 30, 54, 62]
Cost = 722
Time Elapsed (seconds) = 974.203999996
-----------
Permutation = [0, 32, 72, 61, 27, 21, 41, 40, 42, 22, 15, 48, 23, 2, 43, 50, 5, 67, 1, 29, 47, 20, 46, 4, 28, 44, 3, 74, 75, 16, 39, 11, 25, 66, 45, 33, 51, 26, 73, 60, 63, 55, 31, 49, 17, 24, 8, 38, 71, 57, 9, 37, 6, 34, 7, 12, 56, 14, 36, 35, 70, 68, 59, 69, 19, 53, 18, 52, 13, 58, 10, 65, 64, 30, 54, 62]
Cost = 716
Time Elapsed (seconds) = 974.745000124
-----------
Permutation = [0, 32, 72, 61, 27, 21, 41, 40, 42, 22, 15, 48, 23, 2, 43, 50, 5, 67, 1, 29, 47, 20, 46, 4, 28, 44, 3, 74, 75, 16, 39, 11, 25, 66, 45, 33, 51, 26, 73, 60, 63, 55, 31, 49, 17, 24, 8, 38, 71, 57, 9, 37, 6, 34, 7, 12, 56, 14, 36, 35, 68, 70, 59, 69, 19, 53, 18, 52, 10, 13, 58, 65, 64, 30, 54, 62]
Cost = 712
Time Elapsed (seconds) = 3209.61800003
-----------
Permutation = [0, 32, 72, 61, 27, 21, 41, 40, 42, 22, 15, 48, 23, 2, 43, 50, 5, 67, 1, 29, 47, 20, 46, 4, 28, 44, 3, 74, 75, 16, 39, 11, 25, 66, 45, 33, 51, 26, 73, 60, 63, 55, 31, 49, 17, 24, 8, 38, 71, 57, 9, 37, 6, 34, 7, 12, 56, 14, 36, 35, 68, 70, 59, 69, 19, 53, 18, 52, 13, 58, 10, 65, 64, 30, 54, 62]
Cost = 707
Time Elapsed (seconds) = 3209.81599998
Timeout: 1 hour executing
