BEST PERMUTATIONS FOUND SO FAR
-----------
Permutation = [0, 1, 5, 6, 9, 10, 14, 20, 21, 28, 29, 22, 19, 27, 102, 11, 7, 8, 15, 23, 26, 18, 24, 17, 16, 25, 32, 31, 30, 35, 36, 103, 44, 47, 48, 49, 54, 55, 46, 50, 53, 42, 45, 41, 40, 43, 39, 52, 57, 51, 56, 104, 58, 61, 62, 38, 34, 33, 13, 12, 4, 3, 37, 59, 60, 64, 65, 69, 73, 74, 80, 72, 75, 79, 71, 67, 70, 66, 63, 78, 76, 81, 82, 83, 84, 77, 85, 68, 89, 88, 92, 91, 95, 96, 100, 101, 90, 97, 98, 87, 86, 93, 94, 99, 2]
Cost = 22443
Time Elapsed (seconds) = 705.858999968
-----------
Permutation = [0, 1, 5, 6, 9, 10, 14, 20, 21, 28, 29, 22, 19, 27, 102, 11, 7, 8, 15, 23, 26, 18, 24, 17, 16, 25, 32, 31, 30, 35, 36, 103, 44, 47, 48, 49, 54, 55, 46, 50, 53, 42, 45, 41, 40, 43, 39, 52, 57, 51, 56, 104, 58, 61, 62, 38, 34, 33, 13, 12, 4, 3, 37, 59, 60, 64, 65, 69, 73, 74, 80, 72, 75, 79, 71, 67, 70, 66, 63, 78, 76, 81, 82, 83, 84, 77, 85, 68, 89, 88, 92, 91, 95, 96, 100, 101, 90, 97, 98, 87, 86, 93, 99, 94, 2]
Cost = 22392
Time Elapsed (seconds) = 706.565000057
-----------
Permutation = [0, 1, 5, 6, 9, 10, 14, 20, 21, 28, 29, 22, 19, 27, 102, 11, 7, 8, 15, 23, 26, 18, 24, 17, 16, 25, 32, 31, 30, 35, 36, 103, 44, 47, 48, 49, 54, 55, 46, 50, 53, 42, 45, 41, 40, 43, 39, 52, 57, 51, 56, 104, 58, 61, 62, 38, 34, 33, 13, 12, 4, 3, 37, 59, 60, 64, 65, 69, 73, 74, 80, 72, 75, 79, 71, 67, 70, 66, 63, 78, 76, 81, 82, 83, 84, 77, 85, 68, 89, 88, 92, 91, 95, 96, 100, 101, 90, 97, 98, 87, 93, 94, 99, 86, 2]
Cost = 22376
Time Elapsed (seconds) = 707.088000059
-----------
Permutation = [0, 1, 5, 6, 9, 10, 14, 20, 21, 28, 29, 22, 19, 27, 102, 11, 7, 8, 15, 23, 26, 18, 24, 17, 16, 25, 32, 31, 30, 35, 36, 103, 44, 47, 48, 49, 54, 55, 46, 50, 53, 42, 45, 41, 40, 43, 39, 52, 57, 51, 56, 104, 58, 61, 62, 38, 34, 33, 13, 12, 4, 3, 37, 59, 60, 64, 65, 69, 73, 74, 80, 72, 75, 79, 71, 67, 70, 66, 63, 78, 76, 81, 82, 83, 84, 77, 85, 68, 89, 88, 92, 91, 95, 96, 100, 101, 90, 97, 98, 87, 93, 99, 94, 86, 2]
Cost = 22343
Time Elapsed (seconds) = 707.318000078
-----------
Permutation = [0, 1, 5, 6, 9, 10, 14, 20, 21, 28, 29, 22, 19, 27, 102, 11, 7, 8, 15, 23, 26, 18, 24, 17, 16, 25, 32, 31, 30, 35, 36, 103, 44, 47, 48, 49, 54, 55, 46, 50, 53, 42, 45, 41, 40, 43, 39, 52, 57, 51, 56, 104, 58, 61, 62, 38, 34, 33, 13, 12, 4, 3, 37, 59, 60, 64, 65, 69, 73, 74, 80, 72, 75, 79, 71, 67, 70, 66, 63, 78, 76, 81, 82, 83, 84, 77, 85, 68, 89, 88, 92, 91, 95, 96, 100, 101, 90, 97, 98, 87, 94, 99, 93, 86, 2]
Cost = 22330
Time Elapsed (seconds) = 707.842000008
-----------
Permutation = [0, 1, 5, 6, 9, 10, 14, 20, 21, 28, 29, 22, 19, 27, 102, 11, 7, 8, 15, 23, 26, 18, 24, 17, 16, 25, 32, 31, 30, 35, 36, 103, 44, 47, 48, 49, 54, 55, 46, 50, 53, 42, 45, 41, 40, 43, 39, 52, 57, 51, 56, 104, 58, 61, 62, 38, 34, 33, 13, 12, 4, 3, 37, 59, 60, 64, 65, 69, 73, 74, 80, 72, 75, 79, 71, 67, 70, 66, 63, 78, 76, 81, 82, 83, 84, 77, 85, 68, 89, 88, 92, 91, 95, 96, 100, 101, 90, 97, 98, 94, 93, 99, 87, 86, 2]
Cost = 22024
Time Elapsed (seconds) = 708.279000044
-----------
Permutation = [0, 1, 5, 6, 9, 10, 14, 20, 21, 28, 29, 22, 19, 27, 102, 11, 7, 8, 15, 23, 26, 18, 24, 17, 16, 25, 32, 31, 30, 35, 36, 103, 44, 47, 48, 49, 54, 55, 46, 50, 53, 42, 45, 41, 40, 43, 39, 52, 57, 51, 56, 104, 58, 61, 62, 38, 34, 33, 13, 12, 4, 3, 37, 59, 60, 64, 65, 69, 73, 74, 80, 72, 75, 79, 71, 67, 70, 66, 63, 78, 76, 81, 82, 83, 84, 77, 85, 68, 89, 88, 92, 91, 95, 96, 100, 101, 90, 97, 98, 94, 99, 93, 87, 86, 2]
Cost = 21939
Time Elapsed (seconds) = 708.694000006
-----------
Permutation = [0, 1, 5, 6, 9, 10, 14, 20, 21, 28, 29, 22, 19, 27, 102, 11, 7, 8, 15, 23, 26, 18, 24, 17, 16, 25, 32, 31, 30, 35, 36, 103, 44, 47, 48, 49, 54, 55, 46, 50, 53, 42, 45, 41, 40, 43, 39, 52, 57, 51, 56, 104, 58, 61, 62, 38, 34, 33, 13, 12, 4, 3, 37, 59, 60, 64, 65, 69, 73, 74, 80, 72, 75, 79, 71, 67, 70, 66, 63, 78, 76, 81, 82, 83, 84, 77, 85, 68, 89, 88, 92, 91, 95, 96, 100, 101, 90, 97, 98, 99, 93, 94, 87, 86, 2]
Cost = 21932
Time Elapsed (seconds) = 709.003999949
-----------
Permutation = [0, 1, 5, 6, 9, 10, 14, 20, 21, 28, 29, 22, 19, 27, 102, 11, 7, 8, 15, 23, 26, 18, 24, 17, 16, 25, 32, 31, 30, 35, 36, 103, 44, 47, 48, 49, 54, 55, 46, 50, 53, 42, 45, 41, 40, 43, 39, 52, 57, 51, 56, 104, 58, 61, 62, 38, 34, 33, 13, 12, 4, 3, 37, 59, 60, 64, 65, 69, 73, 74, 80, 72, 75, 79, 71, 67, 70, 66, 63, 78, 76, 81, 82, 83, 84, 77, 85, 68, 89, 88, 92, 91, 95, 96, 100, 101, 90, 97, 98, 99, 94, 93, 87, 86, 2]
Cost = 21890
Time Elapsed (seconds) = 709.351000071
-----------
Permutation = [0, 1, 5, 6, 9, 10, 14, 20, 21, 28, 29, 22, 19, 27, 102, 11, 7, 8, 15, 23, 26, 18, 24, 17, 16, 25, 32, 31, 30, 35, 36, 103, 44, 47, 48, 49, 54, 55, 46, 50, 53, 42, 45, 41, 40, 43, 39, 52, 57, 51, 56, 104, 58, 61, 62, 38, 34, 33, 13, 12, 4, 3, 37, 59, 60, 64, 65, 69, 73, 74, 80, 72, 75, 79, 71, 67, 70, 66, 63, 78, 76, 81, 82, 83, 84, 77, 85, 68, 89, 88, 92, 91, 95, 90, 96, 101, 100, 97, 98, 99, 94, 93, 87, 86, 2]
Cost = 21875
Time Elapsed (seconds) = 712.720999956
-----------
Permutation = [0, 1, 5, 6, 9, 10, 14, 20, 21, 28, 29, 22, 19, 27, 102, 11, 7, 8, 15, 23, 26, 18, 24, 17, 16, 25, 32, 31, 30, 35, 36, 103, 44, 47, 48, 49, 54, 55, 46, 50, 53, 42, 45, 41, 40, 43, 39, 52, 57, 51, 56, 104, 58, 61, 62, 38, 34, 33, 13, 12, 4, 3, 37, 59, 60, 64, 65, 69, 73, 74, 80, 72, 75, 79, 71, 67, 70, 66, 63, 78, 76, 81, 82, 83, 84, 77, 85, 68, 89, 88, 92, 91, 95, 90, 96, 100, 101, 97, 98, 99, 94, 93, 87, 86, 2]
Cost = 21851
Time Elapsed (seconds) = 713.097000122
-----------
Permutation = [0, 1, 5, 6, 9, 10, 14, 20, 21, 28, 29, 22, 19, 27, 102, 11, 7, 8, 15, 23, 26, 18, 24, 17, 16, 25, 32, 31, 30, 35, 36, 103, 44, 47, 48, 49, 54, 55, 46, 50, 53, 42, 45, 41, 40, 43, 39, 52, 57, 51, 56, 104, 58, 61, 62, 38, 34, 33, 13, 12, 4, 3, 37, 59, 60, 64, 65, 69, 73, 74, 80, 72, 75, 79, 71, 67, 70, 66, 63, 78, 76, 81, 82, 83, 84, 77, 85, 68, 89, 88, 92, 91, 90, 96, 100, 101, 95, 97, 98, 94, 99, 93, 87, 86, 2]
Cost = 21824
Time Elapsed (seconds) = 719.786000013
-----------
Permutation = [0, 1, 5, 6, 9, 10, 14, 20, 21, 28, 29, 22, 19, 27, 102, 11, 7, 8, 15, 23, 26, 18, 24, 17, 16, 25, 32, 31, 30, 35, 36, 103, 44, 47, 48, 49, 54, 55, 46, 50, 53, 42, 45, 41, 40, 43, 39, 52, 57, 51, 56, 104, 58, 61, 62, 38, 34, 33, 13, 12, 4, 3, 37, 59, 60, 64, 65, 69, 73, 74, 80, 72, 75, 79, 71, 67, 70, 66, 63, 78, 76, 81, 82, 83, 84, 77, 85, 68, 89, 88, 92, 91, 90, 96, 100, 101, 95, 97, 98, 99, 93, 94, 87, 86, 2]
Cost = 21817
Time Elapsed (seconds) = 720.01699996
-----------
Permutation = [0, 1, 5, 6, 9, 10, 14, 20, 21, 28, 29, 22, 19, 27, 102, 11, 7, 8, 15, 23, 26, 18, 24, 17, 16, 25, 32, 31, 30, 35, 36, 103, 44, 47, 48, 49, 54, 55, 46, 50, 53, 42, 45, 41, 40, 43, 39, 52, 57, 51, 56, 104, 58, 61, 62, 38, 34, 33, 13, 12, 4, 3, 37, 59, 60, 64, 65, 69, 73, 74, 80, 72, 75, 79, 71, 67, 70, 66, 63, 78, 76, 81, 82, 83, 84, 77, 85, 68, 89, 88, 92, 91, 90, 96, 100, 101, 95, 97, 98, 99, 94, 93, 87, 86, 2]
Cost = 21775
Time Elapsed (seconds) = 720.309000015
-----------
Permutation = [0, 1, 5, 6, 9, 10, 14, 20, 21, 28, 29, 22, 19, 27, 102, 11, 7, 8, 15, 23, 26, 18, 24, 17, 16, 25, 32, 31, 30, 35, 36, 103, 44, 47, 48, 49, 54, 55, 46, 50, 53, 42, 45, 41, 40, 43, 39, 52, 57, 51, 56, 104, 58, 61, 62, 38, 34, 33, 13, 12, 4, 3, 37, 59, 60, 64, 65, 69, 73, 74, 80, 72, 75, 79, 71, 67, 70, 66, 63, 78, 76, 81, 82, 83, 84, 77, 85, 68, 89, 88, 92, 91, 90, 96, 95, 101, 100, 97, 98, 94, 99, 93, 87, 86, 2]
Cost = 21748
Time Elapsed (seconds) = 721.029000044
-----------
Permutation = [0, 1, 5, 6, 9, 10, 14, 20, 21, 28, 29, 22, 19, 27, 102, 11, 7, 8, 15, 23, 26, 18, 24, 17, 16, 25, 32, 31, 30, 35, 36, 103, 44, 47, 48, 49, 54, 55, 46, 50, 53, 42, 45, 41, 40, 43, 39, 52, 57, 51, 56, 104, 58, 61, 62, 38, 34, 33, 13, 12, 4, 3, 37, 59, 60, 64, 65, 69, 73, 74, 80, 72, 75, 79, 71, 67, 70, 66, 63, 78, 76, 81, 82, 83, 84, 77, 85, 68, 89, 88, 92, 91, 90, 96, 95, 101, 100, 97, 98, 99, 93, 94, 87, 86, 2]
Cost = 21741
Time Elapsed (seconds) = 721.288000107
-----------
Permutation = [0, 1, 5, 6, 9, 10, 14, 20, 21, 28, 29, 22, 19, 27, 102, 11, 7, 8, 15, 23, 26, 18, 24, 17, 16, 25, 32, 31, 30, 35, 36, 103, 44, 47, 48, 49, 54, 55, 46, 50, 53, 42, 45, 41, 40, 43, 39, 52, 57, 51, 56, 104, 58, 61, 62, 38, 34, 33, 13, 12, 4, 3, 37, 59, 60, 64, 65, 69, 73, 74, 80, 72, 75, 79, 71, 67, 70, 66, 63, 78, 76, 81, 82, 83, 84, 77, 85, 68, 89, 88, 92, 91, 90, 96, 95, 101, 100, 97, 98, 99, 94, 93, 87, 86, 2]
Cost = 21699
Time Elapsed (seconds) = 721.492000103
-----------
Permutation = [0, 1, 5, 6, 9, 10, 14, 20, 21, 28, 29, 22, 19, 27, 102, 11, 7, 8, 15, 23, 26, 18, 24, 17, 16, 25, 32, 31, 30, 35, 36, 103, 44, 47, 48, 49, 54, 55, 46, 50, 53, 42, 45, 41, 40, 43, 39, 52, 57, 51, 56, 104, 58, 61, 62, 38, 34, 33, 13, 12, 4, 3, 37, 59, 60, 64, 65, 69, 73, 74, 80, 72, 75, 79, 71, 67, 70, 66, 63, 78, 76, 81, 82, 83, 84, 77, 85, 68, 89, 88, 92, 91, 90, 96, 95, 100, 101, 97, 98, 99, 94, 93, 87, 86, 2]
Cost = 21675
Time Elapsed (seconds) = 721.878000021
-----------
Permutation = [0, 1, 5, 6, 9, 10, 14, 20, 21, 28, 29, 22, 19, 27, 102, 11, 7, 8, 15, 23, 26, 18, 24, 17, 16, 25, 32, 31, 30, 35, 36, 103, 44, 47, 48, 49, 54, 55, 46, 50, 53, 42, 45, 41, 40, 43, 39, 52, 57, 51, 56, 104, 58, 61, 62, 38, 34, 33, 13, 12, 4, 3, 37, 59, 60, 64, 65, 69, 73, 74, 80, 72, 75, 79, 71, 67, 70, 66, 63, 78, 76, 81, 82, 83, 84, 77, 85, 68, 89, 88, 92, 91, 90, 95, 96, 101, 100, 97, 98, 99, 94, 93, 87, 86, 2]
Cost = 21637
Time Elapsed (seconds) = 723.782999992
-----------
Permutation = [0, 1, 5, 6, 9, 10, 14, 20, 21, 28, 29, 22, 19, 27, 102, 11, 7, 8, 15, 23, 26, 18, 24, 17, 16, 25, 32, 31, 30, 35, 36, 103, 44, 47, 48, 49, 54, 55, 46, 50, 53, 42, 45, 41, 40, 43, 39, 52, 57, 51, 56, 104, 58, 61, 62, 38, 34, 33, 13, 12, 4, 3, 37, 59, 60, 64, 65, 69, 73, 74, 80, 72, 75, 79, 71, 67, 70, 66, 63, 78, 76, 81, 82, 83, 84, 77, 85, 68, 89, 88, 92, 91, 90, 95, 96, 100, 101, 97, 98, 99, 94, 93, 87, 86, 2]
Cost = 21613
Time Elapsed (seconds) = 724.207999945
-----------
Permutation = [0, 1, 5, 6, 9, 10, 14, 20, 21, 28, 29, 22, 19, 27, 102, 11, 7, 8, 15, 23, 26, 18, 24, 17, 16, 25, 32, 31, 30, 35, 36, 103, 44, 47, 48, 49, 54, 55, 46, 50, 53, 42, 45, 41, 40, 43, 39, 52, 57, 51, 56, 104, 58, 61, 62, 38, 34, 33, 13, 12, 4, 3, 37, 59, 60, 64, 65, 69, 73, 74, 80, 72, 75, 79, 71, 67, 70, 66, 63, 78, 76, 81, 82, 83, 84, 77, 85, 68, 89, 88, 92, 90, 91, 95, 96, 101, 100, 97, 98, 99, 94, 93, 87, 86, 2]
Cost = 21610
Time Elapsed (seconds) = 752.058000088
-----------
Permutation = [0, 1, 5, 6, 9, 10, 14, 20, 21, 28, 29, 22, 19, 27, 102, 11, 7, 8, 15, 23, 26, 18, 24, 17, 16, 25, 32, 31, 30, 35, 36, 103, 44, 47, 48, 49, 54, 55, 46, 50, 53, 42, 45, 41, 40, 43, 39, 52, 57, 51, 56, 104, 58, 61, 62, 38, 34, 33, 13, 12, 4, 3, 37, 59, 60, 64, 65, 69, 73, 74, 80, 72, 75, 79, 71, 67, 70, 66, 63, 78, 76, 81, 82, 83, 84, 77, 85, 68, 89, 88, 92, 90, 91, 95, 96, 100, 101, 97, 98, 99, 94, 93, 87, 86, 2]
Cost = 21586
Time Elapsed (seconds) = 753.371000051
Timeout: 1 hour executing
