BEST PERMUTATIONS FOUND SO FAR
-----------
Permutation = [0, 1, 5, 6, 9, 10, 14, 102, 20, 21, 28, 31, 30, 29, 27, 22, 19, 11, 18, 23, 26, 15, 17, 24, 25, 16, 8, 7, 4, 3, 12, 13, 33, 34, 37, 38, 41, 40, 42, 45, 51, 52, 57, 56, 53, 50, 46, 43, 44, 47, 49, 54, 55, 58, 63, 66, 67, 70, 77, 81, 82, 84, 83, 78, 76, 71, 72, 75, 79, 68, 73, 74, 80, 69, 62, 61, 104, 48, 39, 103, 35, 36, 59, 60, 64, 65, 86, 87, 93, 94, 99, 98, 97, 89, 88, 92, 90, 91, 95, 96, 100, 101, 85, 32, 2]
Cost = 17792
Time Elapsed (seconds) = 2.56779098511
-----------
Permutation = [0, 1, 5, 6, 9, 10, 14, 102, 20, 21, 28, 31, 30, 29, 27, 22, 19, 11, 18, 23, 26, 15, 17, 24, 25, 16, 8, 7, 4, 3, 12, 13, 33, 34, 37, 38, 41, 40, 42, 45, 51, 52, 57, 56, 53, 50, 46, 43, 44, 47, 49, 54, 55, 58, 63, 66, 67, 70, 77, 81, 82, 84, 83, 78, 76, 71, 72, 75, 79, 68, 73, 74, 80, 69, 62, 61, 104, 48, 39, 103, 35, 36, 59, 60, 64, 65, 86, 87, 93, 94, 99, 98, 97, 89, 88, 92, 95, 96, 100, 101, 91, 90, 85, 32, 2]
Cost = 17721
Time Elapsed (seconds) = 2.60069298744
-----------
Permutation = [0, 1, 5, 6, 9, 10, 14, 102, 20, 21, 28, 31, 30, 29, 27, 22, 19, 11, 18, 23, 26, 15, 17, 24, 25, 16, 8, 7, 4, 3, 12, 13, 33, 34, 37, 38, 41, 40, 42, 45, 51, 52, 57, 56, 53, 50, 46, 43, 44, 47, 49, 54, 55, 58, 63, 66, 67, 70, 77, 81, 82, 84, 83, 78, 76, 71, 72, 75, 79, 68, 73, 74, 80, 69, 62, 61, 104, 48, 39, 103, 35, 36, 59, 60, 64, 65, 86, 87, 93, 94, 99, 98, 97, 89, 88, 92, 96, 100, 101, 95, 91, 90, 85, 32, 2]
Cost = 17701
Time Elapsed (seconds) = 2.62973499298
-----------
Permutation = [0, 1, 5, 6, 9, 10, 14, 102, 20, 21, 28, 31, 30, 29, 27, 22, 19, 11, 18, 23, 26, 15, 17, 24, 25, 16, 8, 7, 4, 3, 12, 13, 33, 34, 37, 38, 41, 40, 42, 45, 51, 52, 57, 56, 53, 50, 46, 43, 44, 47, 49, 54, 55, 58, 63, 66, 67, 70, 77, 81, 82, 84, 83, 78, 76, 71, 72, 75, 79, 68, 73, 74, 80, 69, 62, 61, 104, 48, 39, 103, 35, 36, 59, 60, 64, 65, 86, 87, 93, 94, 99, 98, 97, 89, 88, 92, 101, 100, 96, 95, 91, 90, 85, 32, 2]
Cost = 17636
Time Elapsed (seconds) = 2.65840101242
-----------
Permutation = [0, 1, 5, 6, 9, 10, 14, 102, 20, 21, 28, 31, 30, 29, 27, 22, 19, 11, 18, 23, 26, 15, 17, 24, 25, 16, 8, 7, 4, 3, 12, 13, 33, 34, 37, 38, 41, 40, 42, 45, 51, 52, 57, 56, 53, 50, 46, 43, 44, 47, 49, 54, 55, 58, 63, 66, 67, 70, 77, 81, 82, 84, 83, 78, 76, 71, 72, 75, 79, 68, 73, 74, 80, 69, 62, 61, 104, 48, 39, 103, 85, 88, 89, 92, 90, 91, 95, 96, 100, 101, 97, 98, 94, 99, 93, 87, 86, 65, 64, 60, 59, 36, 35, 32, 2]
Cost = 17494
Time Elapsed (seconds) = 3.70139503479
-----------
Permutation = [0, 1, 5, 6, 9, 10, 14, 102, 20, 21, 28, 31, 30, 29, 27, 22, 19, 11, 18, 23, 26, 15, 17, 24, 25, 16, 8, 7, 4, 3, 12, 13, 33, 34, 37, 38, 41, 40, 42, 45, 51, 52, 57, 56, 53, 50, 46, 43, 44, 47, 49, 54, 55, 58, 63, 66, 67, 70, 77, 81, 82, 84, 83, 78, 76, 71, 72, 75, 79, 68, 73, 74, 80, 69, 62, 61, 104, 48, 39, 103, 85, 88, 89, 92, 90, 91, 95, 96, 100, 101, 97, 98, 99, 94, 93, 87, 86, 65, 64, 60, 59, 36, 35, 32, 2]
Cost = 17445
Time Elapsed (seconds) = 3.72972106934
-----------
Permutation = [0, 1, 5, 6, 9, 10, 14, 102, 20, 21, 28, 31, 30, 29, 27, 22, 19, 11, 18, 23, 26, 15, 17, 24, 25, 16, 8, 7, 4, 3, 12, 13, 33, 34, 37, 38, 41, 40, 42, 45, 51, 52, 57, 56, 53, 50, 46, 43, 44, 47, 49, 54, 55, 58, 63, 66, 67, 70, 77, 81, 82, 84, 83, 78, 76, 71, 72, 75, 79, 68, 73, 74, 80, 69, 62, 61, 104, 48, 39, 103, 85, 90, 91, 95, 96, 100, 101, 92, 97, 98, 88, 89, 94, 99, 93, 87, 86, 65, 64, 60, 59, 36, 35, 32, 2]
Cost = 17398
Time Elapsed (seconds) = 3.83612394333
-----------
Permutation = [0, 1, 5, 6, 9, 10, 14, 102, 20, 21, 28, 31, 30, 29, 27, 22, 19, 11, 18, 23, 26, 15, 17, 24, 25, 16, 8, 7, 4, 3, 12, 13, 33, 34, 37, 38, 41, 40, 42, 45, 51, 52, 57, 56, 53, 50, 46, 43, 44, 47, 49, 54, 55, 58, 63, 66, 67, 70, 77, 81, 82, 84, 83, 78, 76, 71, 72, 75, 79, 68, 73, 74, 80, 69, 62, 61, 104, 48, 39, 103, 85, 90, 91, 95, 96, 100, 101, 92, 88, 89, 97, 98, 94, 99, 93, 87, 86, 65, 64, 60, 59, 36, 35, 32, 2]
Cost = 17358
Time Elapsed (seconds) = 3.86822509766
-----------
Permutation = [0, 1, 5, 6, 9, 10, 14, 102, 20, 21, 28, 31, 30, 29, 27, 22, 19, 11, 18, 23, 26, 15, 17, 24, 25, 16, 8, 7, 4, 3, 12, 13, 33, 34, 37, 38, 41, 40, 42, 45, 51, 52, 57, 56, 53, 50, 46, 43, 44, 47, 49, 54, 55, 58, 63, 66, 67, 70, 77, 81, 82, 84, 83, 78, 76, 71, 72, 75, 79, 68, 73, 74, 80, 69, 62, 61, 104, 48, 39, 103, 85, 90, 91, 95, 96, 100, 101, 92, 88, 89, 97, 98, 99, 94, 93, 87, 86, 65, 64, 60, 59, 36, 35, 32, 2]
Cost = 17309
Time Elapsed (seconds) = 3.89647603035
-----------
Permutation = [0, 1, 5, 6, 9, 10, 14, 102, 20, 21, 28, 31, 30, 29, 27, 22, 19, 11, 18, 23, 26, 15, 17, 24, 25, 16, 8, 7, 4, 3, 12, 13, 33, 34, 37, 38, 41, 40, 42, 45, 51, 52, 57, 56, 53, 50, 46, 43, 44, 47, 49, 54, 55, 58, 63, 66, 67, 70, 77, 81, 82, 84, 83, 78, 76, 71, 72, 75, 79, 68, 73, 74, 80, 69, 62, 61, 104, 85, 88, 89, 98, 97, 101, 100, 96, 95, 91, 90, 92, 94, 99, 93, 87, 86, 65, 64, 59, 60, 48, 39, 103, 36, 35, 32, 2]
Cost = 17303
Time Elapsed (seconds) = 5.51989793777
-----------
Permutation = [0, 1, 5, 6, 9, 10, 14, 102, 20, 21, 28, 31, 30, 29, 27, 22, 19, 11, 18, 23, 26, 15, 17, 24, 25, 16, 8, 7, 4, 3, 12, 13, 33, 34, 37, 38, 41, 40, 42, 45, 51, 52, 57, 56, 53, 50, 46, 43, 44, 47, 49, 54, 55, 58, 63, 66, 67, 70, 77, 81, 82, 84, 83, 78, 76, 71, 72, 75, 79, 68, 73, 74, 80, 69, 62, 61, 104, 85, 88, 89, 98, 97, 101, 100, 96, 95, 91, 90, 92, 99, 94, 93, 87, 86, 65, 64, 60, 59, 36, 35, 103, 48, 39, 32, 2]
Cost = 17298
Time Elapsed (seconds) = 5.56997394562
-----------
Permutation = [0, 1, 5, 6, 9, 10, 14, 102, 20, 21, 28, 31, 30, 29, 27, 22, 19, 11, 18, 23, 26, 15, 17, 24, 25, 16, 8, 7, 4, 3, 12, 13, 33, 34, 37, 38, 41, 40, 42, 45, 51, 52, 57, 56, 53, 50, 46, 43, 44, 47, 49, 54, 55, 58, 63, 66, 67, 70, 77, 81, 82, 84, 83, 78, 76, 71, 72, 75, 79, 68, 73, 74, 80, 69, 62, 61, 104, 85, 88, 89, 98, 97, 101, 100, 96, 95, 91, 90, 92, 99, 94, 93, 87, 86, 65, 64, 59, 60, 48, 39, 103, 36, 35, 32, 2]
Cost = 17278
Time Elapsed (seconds) = 5.59814095497
-----------
Permutation = [0, 1, 5, 6, 9, 10, 14, 102, 20, 21, 28, 31, 30, 29, 27, 22, 19, 11, 18, 23, 26, 15, 17, 24, 25, 16, 8, 7, 4, 3, 12, 13, 33, 34, 37, 38, 41, 40, 42, 45, 51, 52, 57, 56, 53, 50, 46, 43, 44, 47, 49, 54, 55, 58, 63, 66, 67, 70, 77, 81, 82, 84, 83, 78, 76, 71, 72, 75, 79, 68, 73, 74, 80, 69, 62, 61, 104, 85, 88, 89, 98, 97, 92, 90, 91, 95, 96, 100, 101, 99, 94, 93, 87, 86, 65, 64, 59, 60, 48, 39, 103, 36, 35, 32, 2]
Cost = 17267
Time Elapsed (seconds) = 6.10808491707
-----------
Permutation = [0, 1, 5, 6, 9, 10, 14, 102, 20, 21, 28, 31, 30, 29, 27, 22, 19, 11, 18, 23, 26, 15, 17, 24, 25, 16, 8, 7, 4, 3, 12, 13, 33, 34, 37, 38, 41, 40, 42, 45, 51, 52, 57, 56, 53, 50, 46, 43, 44, 47, 49, 54, 55, 58, 63, 66, 67, 70, 77, 81, 82, 84, 83, 78, 76, 71, 72, 75, 79, 68, 73, 74, 80, 69, 62, 61, 104, 85, 88, 89, 97, 92, 90, 91, 95, 96, 100, 101, 98, 94, 99, 93, 87, 86, 65, 64, 60, 59, 36, 35, 103, 48, 39, 32, 2]
Cost = 17261
Time Elapsed (seconds) = 10.3944990635
-----------
Permutation = [0, 1, 5, 6, 9, 10, 14, 102, 20, 21, 28, 31, 30, 29, 27, 22, 19, 11, 18, 23, 26, 15, 17, 24, 25, 16, 8, 7, 4, 3, 12, 13, 33, 34, 37, 38, 41, 40, 42, 45, 51, 52, 57, 56, 53, 50, 46, 43, 44, 47, 49, 54, 55, 58, 63, 66, 67, 70, 77, 81, 82, 84, 83, 78, 76, 71, 72, 75, 79, 68, 73, 74, 80, 69, 62, 61, 104, 85, 88, 89, 97, 92, 90, 91, 95, 96, 100, 101, 98, 94, 99, 93, 87, 86, 65, 64, 59, 60, 48, 39, 103, 36, 35, 32, 2]
Cost = 17241
Time Elapsed (seconds) = 10.4222459793
-----------
Permutation = [0, 1, 5, 6, 9, 10, 14, 102, 20, 21, 28, 31, 30, 29, 27, 22, 19, 11, 18, 23, 26, 15, 17, 24, 25, 16, 8, 7, 4, 3, 12, 13, 33, 34, 37, 38, 41, 40, 42, 45, 51, 52, 57, 56, 53, 50, 46, 43, 44, 47, 49, 54, 55, 58, 63, 66, 67, 70, 77, 81, 82, 84, 83, 78, 76, 71, 72, 75, 79, 68, 73, 74, 80, 69, 62, 61, 104, 85, 88, 89, 97, 92, 90, 91, 95, 96, 100, 101, 98, 99, 94, 93, 87, 86, 65, 64, 60, 59, 36, 35, 103, 48, 39, 32, 2]
Cost = 17212
Time Elapsed (seconds) = 10.4604640007
-----------
Permutation = [0, 1, 5, 6, 9, 10, 14, 102, 20, 21, 28, 31, 30, 29, 27, 22, 19, 11, 18, 23, 26, 15, 17, 24, 25, 16, 8, 7, 4, 3, 12, 13, 33, 34, 37, 38, 41, 40, 42, 45, 51, 52, 57, 56, 53, 50, 46, 43, 44, 47, 49, 54, 55, 58, 63, 66, 67, 70, 77, 81, 82, 84, 83, 78, 76, 71, 72, 75, 79, 68, 73, 74, 80, 69, 62, 61, 104, 85, 88, 89, 97, 92, 90, 91, 95, 96, 100, 101, 98, 99, 94, 93, 87, 86, 65, 64, 59, 60, 48, 39, 103, 36, 35, 32, 2]
Cost = 17192
Time Elapsed (seconds) = 10.4882330894
-----------
Permutation = [0, 1, 5, 6, 9, 10, 14, 102, 20, 21, 28, 31, 30, 29, 27, 22, 19, 11, 18, 23, 26, 15, 17, 24, 25, 16, 8, 7, 4, 3, 12, 13, 33, 34, 37, 38, 41, 40, 42, 45, 51, 52, 57, 56, 53, 50, 46, 43, 44, 47, 49, 54, 55, 58, 63, 66, 67, 70, 77, 81, 82, 84, 83, 78, 76, 71, 72, 75, 79, 68, 73, 74, 80, 69, 62, 61, 104, 85, 88, 89, 92, 90, 91, 95, 96, 100, 101, 97, 98, 94, 99, 93, 87, 86, 65, 64, 60, 59, 36, 35, 103, 48, 39, 32, 2]
Cost = 17056
Time Elapsed (seconds) = 13.0982580185
-----------
Permutation = [0, 1, 5, 6, 9, 10, 14, 102, 20, 21, 28, 31, 30, 29, 27, 22, 19, 11, 18, 23, 26, 15, 17, 24, 25, 16, 8, 7, 4, 3, 12, 13, 33, 34, 37, 38, 41, 40, 42, 45, 51, 52, 57, 56, 53, 50, 46, 43, 44, 47, 49, 54, 55, 58, 63, 66, 67, 70, 77, 81, 82, 84, 83, 78, 76, 71, 72, 75, 79, 68, 73, 74, 80, 69, 62, 61, 104, 85, 88, 89, 92, 90, 91, 95, 96, 100, 101, 97, 98, 94, 99, 93, 87, 86, 65, 64, 59, 60, 48, 39, 103, 36, 35, 32, 2]
Cost = 17036
Time Elapsed (seconds) = 13.1264379025
-----------
Permutation = [0, 1, 5, 6, 9, 10, 14, 102, 20, 21, 28, 31, 30, 29, 27, 22, 19, 11, 18, 23, 26, 15, 17, 24, 25, 16, 8, 7, 4, 3, 12, 13, 33, 34, 37, 38, 41, 40, 42, 45, 51, 52, 57, 56, 53, 50, 46, 43, 44, 47, 49, 54, 55, 58, 63, 66, 67, 70, 77, 81, 82, 84, 83, 78, 76, 71, 72, 75, 79, 68, 73, 74, 80, 69, 62, 61, 104, 85, 88, 89, 92, 90, 91, 95, 96, 100, 101, 97, 98, 99, 94, 93, 87, 86, 65, 64, 60, 59, 36, 35, 103, 48, 39, 32, 2]
Cost = 17007
Time Elapsed (seconds) = 13.1649758816
-----------
Permutation = [0, 1, 5, 6, 9, 10, 14, 102, 20, 21, 28, 31, 30, 29, 27, 22, 19, 11, 18, 23, 26, 15, 17, 24, 25, 16, 8, 7, 4, 3, 12, 13, 33, 34, 37, 38, 41, 40, 42, 45, 51, 52, 57, 56, 53, 50, 46, 43, 44, 47, 49, 54, 55, 58, 63, 66, 67, 70, 77, 81, 82, 84, 83, 78, 76, 71, 72, 75, 79, 68, 73, 74, 80, 69, 62, 61, 104, 85, 88, 89, 92, 90, 91, 95, 96, 100, 101, 97, 98, 99, 94, 93, 87, 86, 65, 64, 59, 60, 48, 39, 103, 36, 35, 32, 2]
Cost = 16987
Time Elapsed (seconds) = 13.1928119659
-----------
Permutation = [0, 1, 5, 6, 9, 10, 14, 102, 20, 21, 28, 31, 30, 29, 27, 22, 19, 11, 18, 23, 26, 15, 17, 24, 25, 16, 8, 7, 4, 3, 12, 13, 33, 34, 37, 38, 41, 40, 42, 45, 51, 52, 57, 56, 53, 50, 46, 43, 44, 47, 49, 54, 55, 58, 63, 66, 67, 70, 77, 81, 82, 84, 83, 78, 76, 71, 72, 75, 79, 68, 73, 74, 80, 69, 62, 61, 104, 85, 90, 91, 95, 96, 100, 101, 92, 97, 98, 88, 89, 94, 99, 93, 87, 86, 65, 64, 60, 59, 36, 35, 103, 48, 39, 32, 2]
Cost = 16960
Time Elapsed (seconds) = 18.2459549904
-----------
Permutation = [0, 1, 5, 6, 9, 10, 14, 102, 20, 21, 28, 31, 30, 29, 27, 22, 19, 11, 18, 23, 26, 15, 17, 24, 25, 16, 8, 7, 4, 3, 12, 13, 33, 34, 37, 38, 41, 40, 42, 45, 51, 52, 57, 56, 53, 50, 46, 43, 44, 47, 49, 54, 55, 58, 63, 66, 67, 70, 77, 81, 82, 84, 83, 78, 76, 71, 72, 75, 79, 68, 73, 74, 80, 69, 62, 61, 104, 85, 90, 91, 95, 96, 100, 101, 92, 97, 98, 88, 89, 94, 99, 93, 87, 86, 65, 64, 59, 60, 48, 39, 103, 36, 35, 32, 2]
Cost = 16940
Time Elapsed (seconds) = 18.2736430168
-----------
Permutation = [0, 1, 5, 6, 9, 10, 14, 102, 20, 21, 28, 31, 30, 29, 27, 22, 19, 11, 18, 23, 26, 15, 17, 24, 25, 16, 8, 7, 4, 3, 12, 13, 33, 34, 37, 38, 41, 40, 42, 45, 51, 52, 57, 56, 53, 50, 46, 43, 44, 47, 49, 54, 55, 58, 63, 66, 67, 70, 77, 81, 82, 84, 83, 78, 76, 71, 72, 75, 79, 68, 73, 74, 80, 69, 62, 61, 104, 85, 90, 91, 95, 96, 100, 101, 92, 88, 89, 97, 98, 94, 99, 93, 87, 86, 65, 64, 60, 59, 36, 35, 103, 48, 39, 32, 2]
Cost = 16920
Time Elapsed (seconds) = 18.4191339016
-----------
Permutation = [0, 1, 5, 6, 9, 10, 14, 102, 20, 21, 28, 31, 30, 29, 27, 22, 19, 11, 18, 23, 26, 15, 17, 24, 25, 16, 8, 7, 4, 3, 12, 13, 33, 34, 37, 38, 41, 40, 42, 45, 51, 52, 57, 56, 53, 50, 46, 43, 44, 47, 49, 54, 55, 58, 63, 66, 67, 70, 77, 81, 82, 84, 83, 78, 76, 71, 72, 75, 79, 68, 73, 74, 80, 69, 62, 61, 104, 85, 90, 91, 95, 96, 100, 101, 92, 88, 89, 97, 98, 94, 99, 93, 87, 86, 65, 64, 59, 60, 48, 39, 103, 36, 35, 32, 2]
Cost = 16900
Time Elapsed (seconds) = 18.4467959404
-----------
Permutation = [0, 1, 5, 6, 9, 10, 14, 102, 20, 21, 28, 31, 30, 29, 27, 22, 19, 11, 18, 23, 26, 15, 17, 24, 25, 16, 8, 7, 4, 3, 12, 13, 33, 34, 37, 38, 41, 40, 42, 45, 51, 52, 57, 56, 53, 50, 46, 43, 44, 47, 49, 54, 55, 58, 63, 66, 67, 70, 77, 81, 82, 84, 83, 78, 76, 71, 72, 75, 79, 68, 73, 74, 80, 69, 62, 61, 104, 85, 90, 91, 95, 96, 100, 101, 92, 88, 89, 97, 98, 99, 94, 93, 87, 86, 65, 64, 60, 59, 36, 35, 103, 48, 39, 32, 2]
Cost = 16871
Time Elapsed (seconds) = 18.4851579666
-----------
Permutation = [0, 1, 5, 6, 9, 10, 14, 102, 20, 21, 28, 31, 30, 29, 27, 22, 19, 11, 18, 23, 26, 15, 17, 24, 25, 16, 8, 7, 4, 3, 12, 13, 33, 34, 37, 38, 41, 40, 42, 45, 51, 52, 57, 56, 53, 50, 46, 43, 44, 47, 49, 54, 55, 58, 63, 66, 67, 70, 77, 81, 82, 84, 83, 78, 76, 71, 72, 75, 79, 68, 73, 74, 80, 69, 62, 61, 104, 85, 90, 91, 95, 96, 100, 101, 92, 88, 89, 97, 98, 99, 94, 93, 87, 86, 65, 64, 59, 60, 48, 39, 103, 36, 35, 32, 2]
Cost = 16851
Time Elapsed (seconds) = 18.5127549171
-----------
Permutation = [0, 1, 5, 6, 9, 10, 14, 102, 20, 21, 28, 31, 30, 29, 27, 22, 19, 11, 18, 23, 26, 15, 17, 24, 25, 16, 8, 7, 4, 3, 12, 13, 33, 34, 37, 38, 41, 40, 42, 45, 51, 52, 57, 56, 53, 50, 46, 43, 44, 47, 49, 54, 55, 58, 63, 66, 67, 70, 77, 81, 82, 84, 83, 78, 76, 71, 72, 75, 79, 68, 73, 74, 80, 69, 62, 61, 60, 59, 64, 65, 86, 87, 93, 94, 99, 98, 97, 89, 88, 92, 90, 91, 95, 96, 100, 101, 85, 104, 48, 39, 103, 36, 35, 32, 2]
Cost = 16591
Time Elapsed (seconds) = 25.0860369205
-----------
Permutation = [0, 1, 5, 6, 9, 10, 14, 102, 20, 21, 28, 31, 30, 29, 27, 22, 19, 11, 18, 23, 26, 15, 17, 24, 25, 16, 8, 7, 4, 3, 12, 13, 33, 34, 37, 38, 41, 40, 42, 45, 51, 52, 57, 56, 53, 50, 46, 43, 44, 47, 49, 54, 55, 58, 63, 66, 67, 70, 77, 81, 82, 84, 83, 78, 76, 71, 72, 75, 79, 68, 73, 74, 80, 69, 62, 61, 60, 59, 64, 65, 86, 87, 93, 94, 99, 98, 97, 89, 88, 92, 95, 96, 101, 100, 91, 90, 85, 104, 48, 39, 103, 36, 35, 32, 2]
Cost = 16520
Time Elapsed (seconds) = 25.1476380825
-----------
Permutation = [0, 1, 5, 6, 9, 10, 14, 102, 20, 21, 28, 31, 30, 29, 27, 22, 19, 11, 18, 23, 26, 15, 17, 24, 25, 16, 8, 7, 4, 3, 12, 13, 33, 34, 37, 38, 41, 40, 42, 45, 51, 52, 57, 56, 53, 50, 46, 43, 44, 47, 49, 54, 55, 58, 63, 66, 67, 70, 77, 81, 82, 84, 83, 78, 76, 71, 72, 75, 79, 68, 73, 74, 80, 69, 62, 61, 60, 59, 64, 65, 86, 87, 93, 94, 99, 98, 97, 89, 88, 92, 96, 101, 100, 95, 91, 90, 85, 104, 48, 39, 103, 36, 35, 32, 2]
Cost = 16500
Time Elapsed (seconds) = 25.1827940941
-----------
Permutation = [0, 1, 5, 6, 9, 10, 14, 102, 20, 21, 28, 31, 30, 29, 27, 22, 19, 11, 18, 23, 26, 15, 17, 24, 25, 16, 8, 7, 4, 3, 12, 13, 33, 34, 37, 38, 41, 40, 42, 45, 51, 52, 57, 56, 53, 50, 46, 43, 44, 47, 49, 54, 55, 58, 63, 66, 67, 70, 77, 81, 82, 84, 83, 78, 76, 71, 72, 75, 79, 68, 73, 74, 80, 69, 62, 61, 60, 59, 64, 65, 86, 87, 93, 94, 99, 98, 97, 89, 88, 92, 101, 100, 96, 95, 91, 90, 85, 104, 48, 39, 103, 36, 35, 32, 2]
Cost = 16435
Time Elapsed (seconds) = 25.2179450989
-----------
Permutation = [0, 1, 5, 6, 9, 10, 14, 102, 20, 21, 28, 31, 30, 29, 27, 22, 19, 11, 18, 23, 26, 15, 17, 24, 25, 16, 8, 7, 4, 3, 12, 13, 33, 34, 37, 38, 41, 40, 42, 45, 51, 52, 57, 56, 53, 50, 46, 43, 44, 47, 49, 54, 55, 58, 63, 66, 67, 70, 77, 81, 82, 84, 83, 78, 76, 71, 72, 75, 79, 68, 73, 74, 80, 69, 89, 88, 85, 90, 91, 95, 96, 100, 101, 92, 97, 98, 94, 99, 93, 87, 86, 65, 64, 59, 60, 62, 61, 104, 48, 39, 103, 36, 35, 32, 2]
Cost = 16019
Time Elapsed (seconds) = 28.2646660805
-----------
Permutation = [0, 1, 5, 6, 9, 10, 14, 102, 20, 21, 28, 31, 30, 29, 27, 22, 19, 11, 18, 23, 26, 15, 17, 24, 25, 16, 8, 7, 4, 3, 12, 13, 33, 34, 37, 38, 41, 40, 42, 45, 51, 52, 57, 56, 53, 50, 46, 43, 44, 47, 49, 54, 55, 58, 63, 66, 67, 70, 77, 81, 82, 84, 83, 78, 76, 71, 72, 75, 79, 68, 73, 74, 80, 69, 89, 88, 85, 90, 91, 95, 96, 100, 101, 92, 97, 98, 99, 94, 93, 87, 86, 65, 64, 59, 60, 62, 61, 104, 48, 39, 103, 36, 35, 32, 2]
Cost = 15970
Time Elapsed (seconds) = 28.3038849831
-----------
Permutation = [0, 1, 5, 6, 9, 10, 14, 102, 20, 21, 28, 31, 30, 29, 27, 22, 19, 11, 18, 23, 26, 15, 17, 24, 25, 16, 8, 7, 4, 3, 12, 13, 33, 34, 37, 38, 41, 40, 42, 45, 51, 52, 57, 56, 53, 50, 46, 43, 44, 47, 49, 54, 55, 58, 63, 66, 67, 70, 77, 81, 82, 84, 83, 78, 76, 71, 72, 75, 79, 68, 73, 74, 69, 80, 89, 88, 85, 90, 91, 95, 96, 100, 101, 92, 97, 98, 99, 94, 93, 87, 86, 65, 64, 59, 60, 62, 61, 104, 48, 39, 103, 36, 35, 32, 2]
Cost = 15948
Time Elapsed (seconds) = 31.8433759212
-----------
Permutation = [0, 1, 5, 6, 9, 10, 14, 102, 20, 21, 28, 31, 30, 29, 27, 22, 19, 11, 18, 23, 26, 15, 17, 24, 25, 16, 8, 7, 4, 3, 12, 13, 33, 34, 37, 38, 41, 40, 42, 45, 51, 52, 57, 56, 53, 50, 46, 43, 44, 47, 49, 54, 55, 58, 63, 66, 67, 70, 77, 81, 82, 84, 83, 78, 76, 71, 72, 75, 79, 68, 73, 69, 74, 80, 89, 88, 85, 90, 91, 95, 96, 100, 101, 92, 97, 98, 94, 99, 93, 87, 86, 65, 64, 59, 60, 62, 61, 104, 48, 39, 103, 36, 35, 32, 2]
Cost = 15940
Time Elapsed (seconds) = 38.7523229122
-----------
Permutation = [0, 1, 5, 6, 9, 10, 14, 102, 20, 21, 28, 31, 30, 29, 27, 22, 19, 11, 18, 23, 26, 15, 17, 24, 25, 16, 8, 7, 4, 3, 12, 13, 33, 34, 37, 38, 41, 40, 42, 45, 51, 52, 57, 56, 53, 50, 46, 43, 44, 47, 49, 54, 55, 58, 63, 66, 67, 70, 77, 81, 82, 84, 83, 78, 76, 71, 72, 75, 79, 68, 73, 69, 74, 80, 89, 88, 85, 90, 91, 95, 96, 100, 101, 92, 97, 98, 99, 94, 93, 87, 86, 65, 64, 59, 60, 62, 61, 104, 48, 39, 103, 36, 35, 32, 2]
Cost = 15891
Time Elapsed (seconds) = 38.7912230492
-----------
Permutation = [0, 1, 5, 6, 9, 10, 14, 102, 20, 21, 28, 31, 30, 29, 27, 22, 19, 11, 18, 23, 26, 15, 17, 24, 25, 16, 8, 7, 4, 3, 12, 13, 33, 34, 37, 38, 41, 40, 42, 45, 51, 52, 57, 56, 53, 50, 46, 43, 44, 47, 49, 54, 55, 58, 63, 66, 67, 70, 77, 81, 82, 84, 83, 78, 76, 71, 72, 75, 79, 68, 69, 73, 74, 80, 89, 88, 85, 90, 91, 95, 96, 100, 101, 92, 97, 98, 99, 94, 93, 87, 86, 65, 64, 59, 60, 62, 61, 104, 48, 39, 103, 36, 35, 32, 2]
Cost = 15854
Time Elapsed (seconds) = 45.4401929379
-----------
Permutation = [0, 1, 5, 6, 9, 10, 14, 102, 20, 21, 28, 31, 30, 29, 27, 22, 19, 11, 18, 23, 26, 15, 17, 24, 25, 16, 8, 7, 4, 3, 12, 13, 33, 34, 37, 38, 41, 40, 42, 45, 51, 52, 57, 56, 53, 50, 46, 43, 44, 47, 49, 54, 55, 58, 63, 66, 67, 70, 77, 81, 82, 84, 83, 78, 76, 71, 75, 79, 72, 68, 69, 73, 74, 80, 89, 88, 85, 90, 91, 95, 96, 100, 101, 92, 97, 98, 99, 94, 93, 87, 86, 65, 64, 59, 60, 62, 61, 104, 48, 39, 103, 36, 35, 32, 2]
Cost = 15850
Time Elapsed (seconds) = 836.376400948
-----------
Permutation = [0, 1, 5, 6, 9, 10, 14, 102, 20, 21, 28, 31, 30, 29, 27, 22, 19, 11, 18, 23, 26, 15, 17, 24, 25, 16, 8, 7, 4, 3, 12, 13, 33, 34, 37, 38, 41, 40, 42, 45, 51, 52, 57, 56, 53, 50, 46, 43, 44, 47, 49, 54, 55, 58, 63, 66, 67, 70, 77, 81, 82, 84, 83, 78, 76, 71, 79, 75, 72, 68, 69, 73, 74, 80, 89, 88, 85, 90, 91, 95, 96, 100, 101, 92, 97, 98, 99, 94, 93, 87, 86, 65, 64, 59, 60, 62, 61, 104, 48, 39, 103, 36, 35, 32, 2]
Cost = 15828
Time Elapsed (seconds) = 1131.40731192
Timeout: 1 hour executing
